type,length_of_arr,no_compares,no_swaps,time
radix_base_10,100,1000,0,0.0010044574737548828
radix_base_10,100,1000,0,0.0009477138519287109
radix_base_10,100,1000,0,0.000946044921875
radix_base_10,100,1000,0,0.0009450912475585938
radix_base_10,100,1000,0,0.0009469985961914062
radix_base_10,100,1000,0,0.0009438991546630859
radix_base_10,100,1000,0,0.0009396076202392578
radix_base_10,100,1000,0,0.0009374618530273438
radix_base_10,100,1000,0,0.0009756088256835938
radix_base_10,100,1000,0,0.000942230224609375
radix_base_10,100,1000,0,0.00093841552734375
radix_base_10,100,1000,0,0.0014071464538574219
radix_base_10,100,1000,0,0.0009810924530029297
radix_base_10,100,1000,0,0.0011539459228515625
radix_base_10,100,1000,0,0.0009677410125732422
radix_base_10,100,1000,0,0.0010275840759277344
radix_base_10,100,1000,0,0.0009582042694091797
radix_base_10,100,1000,0,0.0010173320770263672
radix_base_10,100,1000,0,0.0009851455688476562
radix_base_10,100,1000,0,0.0009970664978027344
radix_base_10,200,2000,0,0.001781463623046875
radix_base_10,200,2000,0,0.0018002986907958984
radix_base_10,200,2000,0,0.0018324851989746094
radix_base_10,200,2000,0,0.002164125442504883
radix_base_10,200,2000,0,0.0018050670623779297
radix_base_10,200,2000,0,0.001802206039428711
radix_base_10,200,2000,0,0.0018093585968017578
radix_base_10,200,2000,0,0.0017802715301513672
radix_base_10,200,2000,0,0.001798391342163086
radix_base_10,200,2000,0,0.0017986297607421875
radix_base_10,200,2000,0,0.001794576644897461
radix_base_10,200,2000,0,0.0017857551574707031
radix_base_10,200,2000,0,0.0017781257629394531
radix_base_10,200,2000,0,0.002069711685180664
radix_base_10,200,2000,0,0.0018305778503417969
radix_base_10,200,2000,0,0.001806497573852539
radix_base_10,200,2000,0,0.0017940998077392578
radix_base_10,200,2000,0,0.001811981201171875
radix_base_10,200,2000,0,0.0017783641815185547
radix_base_10,200,2000,0,0.0021047592163085938
radix_base_10,300,3000,0,0.0027081966400146484
radix_base_10,300,3000,0,0.0026886463165283203
radix_base_10,300,3000,0,0.002733945846557617
radix_base_10,300,3000,0,0.002719879150390625
radix_base_10,300,3000,0,0.002674102783203125
radix_base_10,300,3000,0,0.002685546875
radix_base_10,300,3000,0,0.0026869773864746094
radix_base_10,300,3000,0,0.002740144729614258
radix_base_10,300,3000,0,0.00276947021484375
radix_base_10,300,3000,0,0.002688884735107422
radix_base_10,300,3000,0,0.0027611255645751953
radix_base_10,300,3000,0,0.0027189254760742188
radix_base_10,300,3000,0,0.002653837203979492
radix_base_10,300,3000,0,0.0027141571044921875
radix_base_10,300,3000,0,0.002712249755859375
radix_base_10,300,3000,0,0.0026807785034179688
radix_base_10,300,3000,0,0.0026645660400390625
radix_base_10,300,3000,0,0.002696514129638672
radix_base_10,300,3000,0,0.0026688575744628906
radix_base_10,300,3000,0,0.0027008056640625
radix_base_10,400,4000,0,0.0037200450897216797
radix_base_10,400,4000,0,0.004018306732177734
radix_base_10,400,4000,0,0.003668069839477539
radix_base_10,400,4000,0,0.00372314453125
radix_base_10,400,4000,0,0.0036535263061523438
radix_base_10,400,4000,0,0.003745555877685547
radix_base_10,400,4000,0,0.003922462463378906
radix_base_10,400,4000,0,0.0036110877990722656
radix_base_10,400,4000,0,0.003714323043823242
radix_base_10,400,4000,0,0.0037741661071777344
radix_base_10,400,4000,0,0.003731250762939453
radix_base_10,400,4000,0,0.003641366958618164
radix_base_10,400,4000,0,0.003633260726928711
radix_base_10,400,4000,0,0.0036542415618896484
radix_base_10,400,4000,0,0.0036306381225585938
radix_base_10,400,4000,0,0.003611326217651367
radix_base_10,400,4000,0,0.0039119720458984375
radix_base_10,400,4000,0,0.004221677780151367
radix_base_10,400,4000,0,0.0038750171661376953
radix_base_10,400,4000,0,0.0039577484130859375
radix_base_10,500,5000,0,0.005462169647216797
radix_base_10,500,5000,0,0.004655361175537109
radix_base_10,500,5000,0,0.004523038864135742
radix_base_10,500,5000,0,0.004593849182128906
radix_base_10,500,5000,0,0.004724025726318359
radix_base_10,500,5000,0,0.0046231746673583984
radix_base_10,500,5000,0,0.0045795440673828125
radix_base_10,500,5000,0,0.0046503543853759766
radix_base_10,500,5000,0,0.004553556442260742
radix_base_10,500,5000,0,0.004543304443359375
radix_base_10,500,5000,0,0.0045969486236572266
radix_base_10,500,5000,0,0.004708528518676758
radix_base_10,500,5000,0,0.004528999328613281
radix_base_10,500,5000,0,0.004565000534057617
radix_base_10,500,5000,0,0.004570484161376953
radix_base_10,500,5000,0,0.004550933837890625
radix_base_10,500,5000,0,0.0045549869537353516
radix_base_10,500,5000,0,0.0046994686126708984
radix_base_10,500,5000,0,0.0045468807220458984
radix_base_10,500,5000,0,0.004575967788696289
radix_base_10,600,6000,0,0.005571842193603516
radix_base_10,600,6000,0,0.005507230758666992
radix_base_10,600,6000,0,0.005454540252685547
radix_base_10,600,6000,0,0.005613803863525391
radix_base_10,600,6000,0,0.005428314208984375
radix_base_10,600,6000,0,0.005517482757568359
radix_base_10,600,6000,0,0.00549006462097168
radix_base_10,600,6000,0,0.005525112152099609
radix_base_10,600,6000,0,0.005476474761962891
radix_base_10,600,6000,0,0.005599021911621094
radix_base_10,600,6000,0,0.005415916442871094
radix_base_10,600,6000,0,0.005476474761962891
radix_base_10,600,6000,0,0.005471706390380859
radix_base_10,600,6000,0,0.0054509639739990234
radix_base_10,600,6000,0,0.005571603775024414
radix_base_10,600,6000,0,0.00560760498046875
radix_base_10,600,6000,0,0.005424976348876953
radix_base_10,600,6000,0,0.005490303039550781
radix_base_10,600,6000,0,0.005491971969604492
radix_base_10,600,6000,0,0.005540132522583008
radix_base_10,700,7000,0,0.0067174434661865234
radix_base_10,700,7000,0,0.006337165832519531
radix_base_10,700,7000,0,0.006400585174560547
radix_base_10,700,7000,0,0.0064449310302734375
radix_base_10,700,7000,0,0.0066378116607666016
radix_base_10,700,7000,0,0.006379604339599609
radix_base_10,700,7000,0,0.00632166862487793
radix_base_10,700,7000,0,0.00675654411315918
radix_base_10,700,7000,0,0.006344318389892578
radix_base_10,700,7000,0,0.006523609161376953
radix_base_10,700,7000,0,0.0063326358795166016
radix_base_10,700,7000,0,0.006333351135253906
radix_base_10,700,7000,0,0.006415367126464844
radix_base_10,700,7000,0,0.006388664245605469
radix_base_10,700,7000,0,0.006592512130737305
radix_base_10,700,7000,0,0.0063304901123046875
radix_base_10,700,7000,0,0.006308555603027344
radix_base_10,700,7000,0,0.006534099578857422
radix_base_10,700,7000,0,0.006482124328613281
radix_base_10,700,7000,0,0.006486177444458008
radix_base_10,800,8000,0,0.007232189178466797
radix_base_10,800,8000,0,0.007634639739990234
radix_base_10,800,8000,0,0.007234334945678711
radix_base_10,800,8000,0,0.0073697566986083984
radix_base_10,800,8000,0,0.007244110107421875
radix_base_10,800,8000,0,0.007212638854980469
radix_base_10,800,8000,0,0.007291555404663086
radix_base_10,800,8000,0,0.00738215446472168
radix_base_10,800,8000,0,0.007859230041503906
radix_base_10,800,8000,0,0.007298469543457031
radix_base_10,800,8000,0,0.007385730743408203
radix_base_10,800,8000,0,0.007450580596923828
radix_base_10,800,8000,0,0.007417917251586914
radix_base_10,800,8000,0,0.0072438716888427734
radix_base_10,800,8000,0,0.0073244571685791016
radix_base_10,800,8000,0,0.007418394088745117
radix_base_10,800,8000,0,0.0072710514068603516
radix_base_10,800,8000,0,0.0072596073150634766
radix_base_10,800,8000,0,0.007453203201293945
radix_base_10,800,8000,0,0.007423877716064453
radix_base_10,900,9000,0,0.00814509391784668
radix_base_10,900,9000,0,0.008219242095947266
radix_base_10,900,9000,0,0.008325576782226562
radix_base_10,900,9000,0,0.00858616828918457
radix_base_10,900,9000,0,0.00889134407043457
radix_base_10,900,9000,0,0.008783102035522461
radix_base_10,900,9000,0,0.011169195175170898
radix_base_10,900,9000,0,0.010901927947998047
radix_base_10,900,9000,0,0.012089252471923828
radix_base_10,900,9000,0,0.009251594543457031
radix_base_10,900,9000,0,0.009357213973999023
radix_base_10,900,9000,0,0.010190486907958984
radix_base_10,900,9000,0,0.009722709655761719
radix_base_10,900,9000,0,0.009797811508178711
radix_base_10,900,9000,0,0.009956121444702148
radix_base_10,900,9000,0,0.011822938919067383
radix_base_10,900,9000,0,0.012722969055175781
radix_base_10,900,9000,0,0.008873462677001953
radix_base_10,900,9000,0,0.009078741073608398
radix_base_10,900,9000,0,0.009074687957763672
radix_base_10,1000,10000,0,0.009341955184936523
radix_base_10,1000,10000,0,0.009837627410888672
radix_base_10,1000,10000,0,0.009815454483032227
radix_base_10,1000,10000,0,0.010580301284790039
radix_base_10,1000,10000,0,0.010225057601928711
radix_base_10,1000,10000,0,0.009884357452392578
radix_base_10,1000,10000,0,0.010469436645507812
radix_base_10,1000,10000,0,0.011568784713745117
radix_base_10,1000,10000,0,0.009636402130126953
radix_base_10,1000,10000,0,0.009069681167602539
radix_base_10,1000,10000,0,0.00913858413696289
radix_base_10,1000,10000,0,0.00902700424194336
radix_base_10,1000,10000,0,0.009125471115112305
radix_base_10,1000,10000,0,0.009286880493164062
radix_base_10,1000,10000,0,0.00919795036315918
radix_base_10,1000,10000,0,0.00909423828125
radix_base_10,1000,10000,0,0.00920414924621582
radix_base_10,1000,10000,0,0.009294748306274414
radix_base_10,1000,10000,0,0.009792566299438477
radix_base_10,1000,10000,0,0.00924372673034668
radix_base_10,1100,11000,0,0.010279655456542969
radix_base_10,1100,11000,0,0.010071754455566406
radix_base_10,1100,11000,0,0.010293245315551758
radix_base_10,1100,11000,0,0.010490655899047852
radix_base_10,1100,11000,0,0.010362863540649414
radix_base_10,1100,11000,0,0.01025247573852539
radix_base_10,1100,11000,0,0.010271787643432617
radix_base_10,1100,11000,0,0.015382766723632812
radix_base_10,1100,11000,0,0.012581586837768555
radix_base_10,1100,11000,0,0.0123138427734375
radix_base_10,1100,11000,0,0.011115312576293945
radix_base_10,1100,11000,0,0.011618375778198242
radix_base_10,1100,11000,0,0.01165318489074707
radix_base_10,1100,11000,0,0.01172327995300293
radix_base_10,1100,11000,0,0.010344743728637695
radix_base_10,1100,11000,0,0.010363340377807617
radix_base_10,1100,11000,0,0.01035308837890625
radix_base_10,1100,11000,0,0.010175228118896484
radix_base_10,1100,11000,0,0.01031637191772461
radix_base_10,1100,11000,0,0.010325431823730469
radix_base_10,1200,12000,0,0.011151790618896484
radix_base_10,1200,12000,0,0.011223793029785156
radix_base_10,1200,12000,0,0.011307954788208008
radix_base_10,1200,12000,0,0.011104822158813477
radix_base_10,1200,12000,0,0.011193990707397461
radix_base_10,1200,12000,0,0.011367321014404297
radix_base_10,1200,12000,0,0.011042594909667969
radix_base_10,1200,12000,0,0.0112762451171875
radix_base_10,1200,12000,0,0.011470317840576172
radix_base_10,1200,12000,0,0.011867284774780273
radix_base_10,1200,12000,0,0.011761665344238281
radix_base_10,1200,12000,0,0.011294841766357422
radix_base_10,1200,12000,0,0.011161088943481445
radix_base_10,1200,12000,0,0.011376142501831055
radix_base_10,1200,12000,0,0.011106729507446289
radix_base_10,1200,12000,0,0.017977237701416016
radix_base_10,1200,12000,0,0.012372255325317383
radix_base_10,1200,12000,0,0.011350631713867188
radix_base_10,1200,12000,0,0.011201620101928711
radix_base_10,1200,12000,0,0.011070013046264648
radix_base_10,1300,13000,0,0.012930631637573242
radix_base_10,1300,13000,0,0.01195669174194336
radix_base_10,1300,13000,0,0.011805295944213867
radix_base_10,1300,13000,0,0.011842012405395508
radix_base_10,1300,13000,0,0.01217961311340332
radix_base_10,1300,13000,0,0.011923074722290039
radix_base_10,1300,13000,0,0.012221097946166992
radix_base_10,1300,13000,0,0.011868000030517578
radix_base_10,1300,13000,0,0.01214456558227539
radix_base_10,1300,13000,0,0.012124300003051758
radix_base_10,1300,13000,0,0.012069225311279297
radix_base_10,1300,13000,0,0.011965036392211914
radix_base_10,1300,13000,0,0.011813879013061523
radix_base_10,1300,13000,0,0.011931419372558594
radix_base_10,1300,13000,0,0.011964797973632812
radix_base_10,1300,13000,0,0.011929988861083984
radix_base_10,1300,13000,0,0.01169729232788086
radix_base_10,1300,13000,0,0.01174783706665039
radix_base_10,1300,13000,0,0.011893749237060547
radix_base_10,1300,13000,0,0.011711359024047852
radix_base_10,1400,14000,0,0.012736082077026367
radix_base_10,1400,14000,0,0.012708663940429688
radix_base_10,1400,14000,0,0.012786865234375
radix_base_10,1400,14000,0,0.012946605682373047
radix_base_10,1400,14000,0,0.012659788131713867
radix_base_10,1400,14000,0,0.01285552978515625
radix_base_10,1400,14000,0,0.012779712677001953
radix_base_10,1400,14000,0,0.012757062911987305
radix_base_10,1400,14000,0,0.012752056121826172
radix_base_10,1400,14000,0,0.013243675231933594
radix_base_10,1400,14000,0,0.013283014297485352
radix_base_10,1400,14000,0,0.012797832489013672
radix_base_10,1400,14000,0,0.01307988166809082
radix_base_10,1400,14000,0,0.01275634765625
radix_base_10,1400,14000,0,0.013314008712768555
radix_base_10,1400,14000,0,0.012989282608032227
radix_base_10,1400,14000,0,0.012680292129516602
radix_base_10,1400,14000,0,0.012992382049560547
radix_base_10,1400,14000,0,0.013027667999267578
radix_base_10,1400,14000,0,0.012992382049560547
radix_base_10,1500,15000,0,0.013554096221923828
radix_base_10,1500,15000,0,0.013698816299438477
radix_base_10,1500,15000,0,0.018192529678344727
radix_base_10,1500,15000,0,0.016256332397460938
radix_base_10,1500,15000,0,0.015439271926879883
radix_base_10,1500,15000,0,0.015497446060180664
radix_base_10,1500,15000,0,0.014440059661865234
radix_base_10,1500,15000,0,0.013891220092773438
radix_base_10,1500,15000,0,0.016132593154907227
radix_base_10,1500,15000,0,0.014689922332763672
radix_base_10,1500,15000,0,0.019088029861450195
radix_base_10,1500,15000,0,0.014505624771118164
radix_base_10,1500,15000,0,0.014625072479248047
radix_base_10,1500,15000,0,0.014798164367675781
radix_base_10,1500,15000,0,0.01957535743713379
radix_base_10,1500,15000,0,0.0179593563079834
radix_base_10,1500,15000,0,0.018386125564575195
radix_base_10,1500,15000,0,0.016239166259765625
radix_base_10,1500,15000,0,0.014391660690307617
radix_base_10,1500,15000,0,0.014627456665039062
radix_base_10,1600,16000,0,0.017781972885131836
radix_base_10,1600,16000,0,0.01625967025756836
radix_base_10,1600,16000,0,0.015990495681762695
radix_base_10,1600,16000,0,0.015492916107177734
radix_base_10,1600,16000,0,0.018715620040893555
radix_base_10,1600,16000,0,0.0166323184967041
radix_base_10,1600,16000,0,0.020846128463745117
radix_base_10,1600,16000,0,0.029456377029418945
radix_base_10,1600,16000,0,0.030251264572143555
radix_base_10,1600,16000,0,0.025117874145507812
radix_base_10,1600,16000,0,0.024659156799316406
radix_base_10,1600,16000,0,0.022229433059692383
radix_base_10,1600,16000,0,0.022458791732788086
radix_base_10,1600,16000,0,0.018038511276245117
radix_base_10,1600,16000,0,0.01615762710571289
radix_base_10,1600,16000,0,0.015795469284057617
radix_base_10,1600,16000,0,0.018252849578857422
radix_base_10,1600,16000,0,0.028712749481201172
radix_base_10,1600,16000,0,0.029610872268676758
radix_base_10,1600,16000,0,0.027991294860839844
radix_base_10,1700,17000,0,0.017693758010864258
radix_base_10,1700,17000,0,0.01672053337097168
radix_base_10,1700,17000,0,0.016425609588623047
radix_base_10,1700,17000,0,0.017734289169311523
radix_base_10,1700,17000,0,0.016730070114135742
radix_base_10,1700,17000,0,0.01715993881225586
radix_base_10,1700,17000,0,0.02196502685546875
radix_base_10,1700,17000,0,0.021100521087646484
radix_base_10,1700,17000,0,0.028872966766357422
radix_base_10,1700,17000,0,0.016993999481201172
radix_base_10,1700,17000,0,0.016992568969726562
radix_base_10,1700,17000,0,0.02553391456604004
radix_base_10,1700,17000,0,0.022927522659301758
radix_base_10,1700,17000,0,0.01854252815246582
radix_base_10,1700,17000,0,0.015769004821777344
radix_base_10,1700,17000,0,0.015655517578125
radix_base_10,1700,17000,0,0.015413999557495117
radix_base_10,1700,17000,0,0.016892671585083008
radix_base_10,1700,17000,0,0.016108274459838867
radix_base_10,1700,17000,0,0.017127513885498047
radix_base_10,1800,18000,0,0.01612401008605957
radix_base_10,1800,18000,0,0.016538381576538086
radix_base_10,1800,18000,0,0.0163576602935791
radix_base_10,1800,18000,0,0.01640176773071289
radix_base_10,1800,18000,0,0.01766347885131836
radix_base_10,1800,18000,0,0.02843952178955078
radix_base_10,1800,18000,0,0.024895191192626953
radix_base_10,1800,18000,0,0.018596172332763672
radix_base_10,1800,18000,0,0.017513513565063477
radix_base_10,1800,18000,0,0.017841339111328125
radix_base_10,1800,18000,0,0.017396926879882812
radix_base_10,1800,18000,0,0.017633676528930664
radix_base_10,1800,18000,0,0.018038034439086914
radix_base_10,1800,18000,0,0.01645636558532715
radix_base_10,1800,18000,0,0.016334056854248047
radix_base_10,1800,18000,0,0.016498565673828125
radix_base_10,1800,18000,0,0.016115665435791016
radix_base_10,1800,18000,0,0.016915082931518555
radix_base_10,1800,18000,0,0.016414642333984375
radix_base_10,1800,18000,0,0.016869783401489258
radix_base_10,1900,19000,0,0.01720261573791504
radix_base_10,1900,19000,0,0.01917243003845215
radix_base_10,1900,19000,0,0.0170745849609375
radix_base_10,1900,19000,0,0.017483949661254883
radix_base_10,1900,19000,0,0.017070531845092773
radix_base_10,1900,19000,0,0.017271995544433594
radix_base_10,1900,19000,0,0.01728343963623047
radix_base_10,1900,19000,0,0.01701068878173828
radix_base_10,1900,19000,0,0.01768970489501953
radix_base_10,1900,19000,0,0.01725292205810547
radix_base_10,1900,19000,0,0.0172727108001709
radix_base_10,1900,19000,0,0.017221689224243164
radix_base_10,1900,19000,0,0.01717662811279297
radix_base_10,1900,19000,0,0.017028331756591797
radix_base_10,1900,19000,0,0.017146825790405273
radix_base_10,1900,19000,0,0.01726245880126953
radix_base_10,1900,19000,0,0.016998767852783203
radix_base_10,1900,19000,0,0.01720571517944336
radix_base_10,1900,19000,0,0.018264055252075195
radix_base_10,1900,19000,0,0.01836991310119629
radix_base_10,2000,20000,0,0.01830577850341797
radix_base_10,2000,20000,0,0.018779993057250977
radix_base_10,2000,20000,0,0.019564151763916016
radix_base_10,2000,20000,0,0.02161383628845215
radix_base_10,2000,20000,0,0.020819425582885742
radix_base_10,2000,20000,0,0.01842212677001953
radix_base_10,2000,20000,0,0.017917394638061523
radix_base_10,2000,20000,0,0.018251895904541016
radix_base_10,2000,20000,0,0.018115758895874023
radix_base_10,2000,20000,0,0.01797175407409668
radix_base_10,2000,20000,0,0.018269062042236328
radix_base_10,2000,20000,0,0.018174409866333008
radix_base_10,2000,20000,0,0.01877140998840332
radix_base_10,2000,20000,0,0.018348217010498047
radix_base_10,2000,20000,0,0.018367767333984375
radix_base_10,2000,20000,0,0.018341541290283203
radix_base_10,2000,20000,0,0.018213272094726562
radix_base_10,2000,20000,0,0.018072843551635742
radix_base_10,2000,20000,0,0.018369436264038086
radix_base_10,2000,20000,0,0.018099546432495117
radix_base_10,2100,21000,0,0.019333839416503906
radix_base_10,2100,21000,0,0.019341707229614258
radix_base_10,2100,21000,0,0.018940210342407227
radix_base_10,2100,21000,0,0.019095659255981445
radix_base_10,2100,21000,0,0.019013404846191406
radix_base_10,2100,21000,0,0.019208192825317383
radix_base_10,2100,21000,0,0.019359350204467773
radix_base_10,2100,21000,0,0.01897406578063965
radix_base_10,2100,21000,0,0.019344806671142578
radix_base_10,2100,21000,0,0.029575347900390625
radix_base_10,2100,21000,0,0.02210855484008789
radix_base_10,2100,21000,0,0.01899099349975586
radix_base_10,2100,21000,0,0.019133806228637695
radix_base_10,2100,21000,0,0.019438505172729492
radix_base_10,2100,21000,0,0.019586563110351562
radix_base_10,2100,21000,0,0.019177913665771484
radix_base_10,2100,21000,0,0.01902318000793457
radix_base_10,2100,21000,0,0.018812179565429688
radix_base_10,2100,21000,0,0.01900959014892578
radix_base_10,2100,21000,0,0.01886272430419922
radix_base_10,2200,22000,0,0.01992940902709961
radix_base_10,2200,22000,0,0.019961833953857422
radix_base_10,2200,22000,0,0.020216941833496094
radix_base_10,2200,22000,0,0.020034313201904297
radix_base_10,2200,22000,0,0.020076274871826172
radix_base_10,2200,22000,0,0.01983332633972168
radix_base_10,2200,22000,0,0.020035505294799805
radix_base_10,2200,22000,0,0.01979827880859375
radix_base_10,2200,22000,0,0.019712209701538086
radix_base_10,2200,22000,0,0.01990485191345215
radix_base_10,2200,22000,0,0.019976139068603516
radix_base_10,2200,22000,0,0.019872665405273438
radix_base_10,2200,22000,0,0.019818544387817383
radix_base_10,2200,22000,0,0.02132892608642578
radix_base_10,2200,22000,0,0.019657611846923828
radix_base_10,2200,22000,0,0.0199892520904541
radix_base_10,2200,22000,0,0.019919872283935547
radix_base_10,2200,22000,0,0.019760608673095703
radix_base_10,2200,22000,0,0.020636796951293945
radix_base_10,2200,22000,0,0.021724462509155273
radix_base_10,2300,23000,0,0.02077794075012207
radix_base_10,2300,23000,0,0.021238327026367188
radix_base_10,2300,23000,0,0.022130489349365234
radix_base_10,2300,23000,0,0.021137475967407227
radix_base_10,2300,23000,0,0.021401166915893555
radix_base_10,2300,23000,0,0.02115345001220703
radix_base_10,2300,23000,0,0.02065873146057129
radix_base_10,2300,23000,0,0.021013736724853516
radix_base_10,2300,23000,0,0.020862579345703125
radix_base_10,2300,23000,0,0.021128177642822266
radix_base_10,2300,23000,0,0.020737171173095703
radix_base_10,2300,23000,0,0.020853281021118164
radix_base_10,2300,23000,0,0.020833969116210938
radix_base_10,2300,23000,0,0.02107977867126465
radix_base_10,2300,23000,0,0.021132230758666992
radix_base_10,2300,23000,0,0.02101755142211914
radix_base_10,2300,23000,0,0.021469593048095703
radix_base_10,2300,23000,0,0.02105259895324707
radix_base_10,2300,23000,0,0.02167820930480957
radix_base_10,2300,23000,0,0.020960330963134766
radix_base_10,2400,24000,0,0.02191758155822754
radix_base_10,2400,24000,0,0.02203202247619629
radix_base_10,2400,24000,0,0.02244734764099121
radix_base_10,2400,24000,0,0.021787643432617188
radix_base_10,2400,24000,0,0.022060871124267578
radix_base_10,2400,24000,0,0.02197098731994629
radix_base_10,2400,24000,0,0.02971363067626953
radix_base_10,2400,24000,0,0.021791934967041016
radix_base_10,2400,24000,0,0.02189159393310547
radix_base_10,2400,24000,0,0.021721601486206055
radix_base_10,2400,24000,0,0.021788835525512695
radix_base_10,2400,24000,0,0.021730899810791016
radix_base_10,2400,24000,0,0.021842241287231445
radix_base_10,2400,24000,0,0.021575450897216797
radix_base_10,2400,24000,0,0.02158045768737793
radix_base_10,2400,24000,0,0.02160024642944336
radix_base_10,2400,24000,0,0.021761655807495117
radix_base_10,2400,24000,0,0.02159857749938965
radix_base_10,2400,24000,0,0.022264480590820312
radix_base_10,2400,24000,0,0.02184152603149414
radix_base_10,2500,25000,0,0.02283477783203125
radix_base_10,2500,25000,0,0.022684574127197266
radix_base_10,2500,25000,0,0.022610902786254883
radix_base_10,2500,25000,0,0.02277517318725586
radix_base_10,2500,25000,0,0.022691965103149414
radix_base_10,2500,25000,0,0.02256011962890625
radix_base_10,2500,25000,0,0.022742033004760742
radix_base_10,2500,25000,0,0.022979259490966797
radix_base_10,2500,25000,0,0.02271747589111328
radix_base_10,2500,25000,0,0.022711753845214844
radix_base_10,2500,25000,0,0.023041963577270508
radix_base_10,2500,25000,0,0.022829532623291016
radix_base_10,2500,25000,0,0.024609804153442383
radix_base_10,2500,25000,0,0.026028871536254883
radix_base_10,2500,25000,0,0.024436473846435547
radix_base_10,2500,25000,0,0.023427486419677734
radix_base_10,2500,25000,0,0.024883031845092773
radix_base_10,2500,25000,0,0.02357769012451172
radix_base_10,2500,25000,0,0.02409839630126953
radix_base_10,2500,25000,0,0.02468252182006836
radix_base_10,2600,26000,0,0.025719642639160156
radix_base_10,2600,26000,0,0.02636861801147461
radix_base_10,2600,26000,0,0.023724794387817383
radix_base_10,2600,26000,0,0.02358222007751465
radix_base_10,2600,26000,0,0.024329423904418945
radix_base_10,2600,26000,0,0.023830175399780273
radix_base_10,2600,26000,0,0.023753643035888672
radix_base_10,2600,26000,0,0.023700714111328125
radix_base_10,2600,26000,0,0.02356863021850586
radix_base_10,2600,26000,0,0.023941993713378906
radix_base_10,2600,26000,0,0.02425551414489746
radix_base_10,2600,26000,0,0.023914337158203125
radix_base_10,2600,26000,0,0.026853084564208984
radix_base_10,2600,26000,0,0.024164199829101562
radix_base_10,2600,26000,0,0.02420783042907715
radix_base_10,2600,26000,0,0.02376699447631836
radix_base_10,2600,26000,0,0.026985645294189453
radix_base_10,2600,26000,0,0.02397751808166504
radix_base_10,2600,26000,0,0.023846149444580078
radix_base_10,2600,26000,0,0.023711204528808594
radix_base_10,2700,27000,0,0.028341293334960938
radix_base_10,2700,27000,0,0.03142380714416504
radix_base_10,2700,27000,0,0.025609970092773438
radix_base_10,2700,27000,0,0.024582624435424805
radix_base_10,2700,27000,0,0.024317264556884766
radix_base_10,2700,27000,0,0.02442622184753418
radix_base_10,2700,27000,0,0.02484583854675293
radix_base_10,2700,27000,0,0.0259859561920166
radix_base_10,2700,27000,0,0.024577856063842773
radix_base_10,2700,27000,0,0.024553537368774414
radix_base_10,2700,27000,0,0.024460554122924805
radix_base_10,2700,27000,0,0.024568557739257812
radix_base_10,2700,27000,0,0.0244596004486084
radix_base_10,2700,27000,0,0.024575233459472656
radix_base_10,2700,27000,0,0.025347471237182617
radix_base_10,2700,27000,0,0.024533510208129883
radix_base_10,2700,27000,0,0.024420976638793945
radix_base_10,2700,27000,0,0.024800539016723633
radix_base_10,2700,27000,0,0.024451732635498047
radix_base_10,2700,27000,0,0.025278329849243164
radix_base_10,2800,28000,0,0.027043819427490234
radix_base_10,2800,28000,0,0.02546405792236328
radix_base_10,2800,28000,0,0.025639057159423828
radix_base_10,2800,28000,0,0.0259854793548584
radix_base_10,2800,28000,0,0.025538206100463867
radix_base_10,2800,28000,0,0.025468826293945312
radix_base_10,2800,28000,0,0.025386333465576172
radix_base_10,2800,28000,0,0.025228261947631836
radix_base_10,2800,28000,0,0.025330781936645508
radix_base_10,2800,28000,0,0.025402069091796875
radix_base_10,2800,28000,0,0.025853872299194336
radix_base_10,2800,28000,0,0.02562117576599121
radix_base_10,2800,28000,0,0.02649378776550293
radix_base_10,2800,28000,0,0.026819944381713867
radix_base_10,2800,28000,0,0.026477336883544922
radix_base_10,2800,28000,0,0.025937557220458984
radix_base_10,2800,28000,0,0.026394367218017578
radix_base_10,2800,28000,0,0.026396751403808594
radix_base_10,2800,28000,0,0.02594780921936035
radix_base_10,2800,28000,0,0.025910139083862305
radix_base_10,2900,29000,0,0.0275726318359375
radix_base_10,2900,29000,0,0.026567935943603516
radix_base_10,2900,29000,0,0.028347015380859375
radix_base_10,2900,29000,0,0.026887178421020508
radix_base_10,2900,29000,0,0.027342557907104492
radix_base_10,2900,29000,0,0.027747154235839844
radix_base_10,2900,29000,0,0.027198314666748047
radix_base_10,2900,29000,0,0.04454302787780762
radix_base_10,2900,29000,0,0.029033660888671875
radix_base_10,2900,29000,0,0.02728271484375
radix_base_10,2900,29000,0,0.026966571807861328
radix_base_10,2900,29000,0,0.027479887008666992
radix_base_10,2900,29000,0,0.028093576431274414
radix_base_10,2900,29000,0,0.027016401290893555
radix_base_10,2900,29000,0,0.026712894439697266
radix_base_10,2900,29000,0,0.027420759201049805
radix_base_10,2900,29000,0,0.027098655700683594
radix_base_10,2900,29000,0,0.0263979434967041
radix_base_10,2900,29000,0,0.030843734741210938
radix_base_10,2900,29000,0,0.028649568557739258
radix_base_10,3000,30000,0,0.029488086700439453
radix_base_10,3000,30000,0,0.028516530990600586
radix_base_10,3000,30000,0,0.034623146057128906
radix_base_10,3000,30000,0,0.036345720291137695
radix_base_10,3000,30000,0,0.02791881561279297
radix_base_10,3000,30000,0,0.02737712860107422
radix_base_10,3000,30000,0,0.02716994285583496
radix_base_10,3000,30000,0,0.02740764617919922
radix_base_10,3000,30000,0,0.02721691131591797
radix_base_10,3000,30000,0,0.0272214412689209
radix_base_10,3000,30000,0,0.028679847717285156
radix_base_10,3000,30000,0,0.03179430961608887
radix_base_10,3000,30000,0,0.028972625732421875
radix_base_10,3000,30000,0,0.027287960052490234
radix_base_10,3000,30000,0,0.027358293533325195
radix_base_10,3000,30000,0,0.03455233573913574
radix_base_10,3000,30000,0,0.053238630294799805
radix_base_10,3000,30000,0,0.05797886848449707
radix_base_10,3000,30000,0,0.04193377494812012
radix_base_10,3000,30000,0,0.031280517578125
radix_base_10,3100,31000,0,0.05063939094543457
radix_base_10,3100,31000,0,0.05556797981262207
radix_base_10,3100,31000,0,0.03823232650756836
radix_base_10,3100,31000,0,0.02896285057067871
radix_base_10,3100,31000,0,0.02925896644592285
radix_base_10,3100,31000,0,0.029453039169311523
radix_base_10,3100,31000,0,0.02865290641784668
radix_base_10,3100,31000,0,0.029160737991333008
radix_base_10,3100,31000,0,0.02952718734741211
radix_base_10,3100,31000,0,0.029090166091918945
radix_base_10,3100,31000,0,0.036321163177490234
radix_base_10,3100,31000,0,0.030102252960205078
radix_base_10,3100,31000,0,0.028920888900756836
radix_base_10,3100,31000,0,0.02938103675842285
radix_base_10,3100,31000,0,0.028556108474731445
radix_base_10,3100,31000,0,0.030199289321899414
radix_base_10,3100,31000,0,0.03406572341918945
radix_base_10,3100,31000,0,0.030027389526367188
radix_base_10,3100,31000,0,0.02897477149963379
radix_base_10,3100,31000,0,0.028712749481201172
radix_base_10,3200,32000,0,0.03125715255737305
radix_base_10,3200,32000,0,0.03404664993286133
radix_base_10,3200,32000,0,0.036087989807128906
radix_base_10,3200,32000,0,0.03800082206726074
radix_base_10,3200,32000,0,0.03841447830200195
radix_base_10,3200,32000,0,0.030425310134887695
radix_base_10,3200,32000,0,0.030521631240844727
radix_base_10,3200,32000,0,0.030560016632080078
radix_base_10,3200,32000,0,0.030440092086791992
radix_base_10,3200,32000,0,0.030051231384277344
radix_base_10,3200,32000,0,0.03012990951538086
radix_base_10,3200,32000,0,0.030345916748046875
radix_base_10,3200,32000,0,0.030625343322753906
radix_base_10,3200,32000,0,0.03499031066894531
radix_base_10,3200,32000,0,0.033139944076538086
radix_base_10,3200,32000,0,0.03247809410095215
radix_base_10,3200,32000,0,0.03083038330078125
radix_base_10,3200,32000,0,0.029453516006469727
radix_base_10,3200,32000,0,0.03066730499267578
radix_base_10,3200,32000,0,0.03674483299255371
radix_base_10,3300,33000,0,0.034204959869384766
radix_base_10,3300,33000,0,0.031096935272216797
radix_base_10,3300,33000,0,0.03097844123840332
radix_base_10,3300,33000,0,0.03454136848449707
radix_base_10,3300,33000,0,0.030649423599243164
radix_base_10,3300,33000,0,0.03076481819152832
radix_base_10,3300,33000,0,0.03090977668762207
radix_base_10,3300,33000,0,0.03057122230529785
radix_base_10,3300,33000,0,0.030628204345703125
radix_base_10,3300,33000,0,0.030916690826416016
radix_base_10,3300,33000,0,0.030893802642822266
radix_base_10,3300,33000,0,0.03069782257080078
radix_base_10,3300,33000,0,0.030590295791625977
radix_base_10,3300,33000,0,0.030524492263793945
radix_base_10,3300,33000,0,0.0311281681060791
radix_base_10,3300,33000,0,0.03066277503967285
radix_base_10,3300,33000,0,0.03081345558166504
radix_base_10,3300,33000,0,0.03784465789794922
radix_base_10,3300,33000,0,0.040694475173950195
radix_base_10,3300,33000,0,0.033960819244384766
radix_base_10,3400,34000,0,0.03374743461608887
radix_base_10,3400,34000,0,0.034023284912109375
radix_base_10,3400,34000,0,0.034128665924072266
radix_base_10,3400,34000,0,0.03203988075256348
radix_base_10,3400,34000,0,0.0316166877746582
radix_base_10,3400,34000,0,0.03136301040649414
radix_base_10,3400,34000,0,0.032157182693481445
radix_base_10,3400,34000,0,0.031193971633911133
radix_base_10,3400,34000,0,0.032155513763427734
radix_base_10,3400,34000,0,0.0317997932434082
radix_base_10,3400,34000,0,0.03683948516845703
radix_base_10,3400,34000,0,0.03438901901245117
radix_base_10,3400,34000,0,0.03406262397766113
radix_base_10,3400,34000,0,0.03206276893615723
radix_base_10,3400,34000,0,0.03221631050109863
radix_base_10,3400,34000,0,0.03603029251098633
radix_base_10,3400,34000,0,0.034041643142700195
radix_base_10,3400,34000,0,0.03158998489379883
radix_base_10,3400,34000,0,0.03231525421142578
radix_base_10,3400,34000,0,0.03129172325134277
radix_base_10,3500,35000,0,0.03344130516052246
radix_base_10,3500,35000,0,0.032514333724975586
radix_base_10,3500,35000,0,0.03252720832824707
radix_base_10,3500,35000,0,0.032837867736816406
radix_base_10,3500,35000,0,0.03313255310058594
radix_base_10,3500,35000,0,0.03295469284057617
radix_base_10,3500,35000,0,0.03548693656921387
radix_base_10,3500,35000,0,0.03829336166381836
radix_base_10,3500,35000,0,0.0354156494140625
radix_base_10,3500,35000,0,0.03435635566711426
radix_base_10,3500,35000,0,0.03278946876525879
radix_base_10,3500,35000,0,0.03249168395996094
radix_base_10,3500,35000,0,0.03546595573425293
radix_base_10,3500,35000,0,0.035889625549316406
radix_base_10,3500,35000,0,0.03348350524902344
radix_base_10,3500,35000,0,0.032866716384887695
radix_base_10,3500,35000,0,0.03249001502990723
radix_base_10,3500,35000,0,0.032813310623168945
radix_base_10,3500,35000,0,0.032553672790527344
radix_base_10,3500,35000,0,0.03269648551940918
radix_base_10,3600,36000,0,0.03364372253417969
radix_base_10,3600,36000,0,0.03366422653198242
radix_base_10,3600,36000,0,0.03345966339111328
radix_base_10,3600,36000,0,0.033971548080444336
radix_base_10,3600,36000,0,0.03643012046813965
radix_base_10,3600,36000,0,0.0382695198059082
radix_base_10,3600,36000,0,0.03459811210632324
radix_base_10,3600,36000,0,0.03395700454711914
radix_base_10,3600,36000,0,0.033591270446777344
radix_base_10,3600,36000,0,0.034377336502075195
radix_base_10,3600,36000,0,0.03517770767211914
radix_base_10,3600,36000,0,0.03377723693847656
radix_base_10,3600,36000,0,0.034132957458496094
radix_base_10,3600,36000,0,0.0395965576171875
radix_base_10,3600,36000,0,0.035970449447631836
radix_base_10,3600,36000,0,0.03373432159423828
radix_base_10,3600,36000,0,0.03428316116333008
radix_base_10,3600,36000,0,0.03371596336364746
radix_base_10,3600,36000,0,0.03477048873901367
radix_base_10,3600,36000,0,0.03495907783508301
radix_base_10,3700,37000,0,0.03551530838012695
radix_base_10,3700,37000,0,0.03581881523132324
radix_base_10,3700,37000,0,0.03696441650390625
radix_base_10,3700,37000,0,0.03517031669616699
radix_base_10,3700,37000,0,0.03570222854614258
radix_base_10,3700,37000,0,0.04007577896118164
radix_base_10,3700,37000,0,0.036872148513793945
radix_base_10,3700,37000,0,0.03606128692626953
radix_base_10,3700,37000,0,0.03415656089782715
radix_base_10,3700,37000,0,0.03409600257873535
radix_base_10,3700,37000,0,0.03444719314575195
radix_base_10,3700,37000,0,0.03548169136047363
radix_base_10,3700,37000,0,0.03436470031738281
radix_base_10,3700,37000,0,0.03484058380126953
radix_base_10,3700,37000,0,0.034305572509765625
radix_base_10,3700,37000,0,0.03435969352722168
radix_base_10,3700,37000,0,0.03419685363769531
radix_base_10,3700,37000,0,0.03426933288574219
radix_base_10,3700,37000,0,0.045426130294799805
radix_base_10,3700,37000,0,0.03430342674255371
radix_base_10,3800,38000,0,0.03490281105041504
radix_base_10,3800,38000,0,0.035623788833618164
radix_base_10,3800,38000,0,0.03589010238647461
radix_base_10,3800,38000,0,0.0491786003112793
radix_base_10,3800,38000,0,0.0358889102935791
radix_base_10,3800,38000,0,0.0353856086730957
radix_base_10,3800,38000,0,0.0362091064453125
radix_base_10,3800,38000,0,0.03524327278137207
radix_base_10,3800,38000,0,0.03510737419128418
radix_base_10,3800,38000,0,0.035947561264038086
radix_base_10,3800,38000,0,0.03571796417236328
radix_base_10,3800,38000,0,0.03508472442626953
radix_base_10,3800,38000,0,0.0355229377746582
radix_base_10,3800,38000,0,0.03496408462524414
radix_base_10,3800,38000,0,0.03521299362182617
radix_base_10,3800,38000,0,0.035353660583496094
radix_base_10,3800,38000,0,0.035178422927856445
radix_base_10,3800,38000,0,0.035037994384765625
radix_base_10,3800,38000,0,0.03523373603820801
radix_base_10,3800,38000,0,0.03869819641113281
radix_base_10,3900,39000,0,0.03624367713928223
radix_base_10,3900,39000,0,0.036221981048583984
radix_base_10,3900,39000,0,0.0361943244934082
radix_base_10,3900,39000,0,0.03590083122253418
radix_base_10,3900,39000,0,0.03609180450439453
radix_base_10,3900,39000,0,0.035842180252075195
radix_base_10,3900,39000,0,0.03627729415893555
radix_base_10,3900,39000,0,0.03597307205200195
radix_base_10,3900,39000,0,0.03627896308898926
radix_base_10,3900,39000,0,0.035771846771240234
radix_base_10,3900,39000,0,0.04802680015563965
radix_base_10,3900,39000,0,0.03705406188964844
radix_base_10,3900,39000,0,0.03587532043457031
radix_base_10,3900,39000,0,0.03629112243652344
radix_base_10,3900,39000,0,0.03596305847167969
radix_base_10,3900,39000,0,0.03964114189147949
radix_base_10,3900,39000,0,0.036679983139038086
radix_base_10,3900,39000,0,0.0366361141204834
radix_base_10,3900,39000,0,0.03600454330444336
radix_base_10,3900,39000,0,0.036467552185058594
radix_base_10,4000,40000,0,0.03700828552246094
radix_base_10,4000,40000,0,0.0369870662689209
radix_base_10,4000,40000,0,0.03720426559448242
radix_base_10,4000,40000,0,0.037200927734375
radix_base_10,4000,40000,0,0.0371246337890625
radix_base_10,4000,40000,0,0.03716135025024414
radix_base_10,4000,40000,0,0.0372469425201416
radix_base_10,4000,40000,0,0.03691530227661133
radix_base_10,4000,40000,0,0.03670001029968262
radix_base_10,4000,40000,0,0.03721904754638672
radix_base_10,4000,40000,0,0.038344621658325195
radix_base_10,4000,40000,0,0.039466142654418945
radix_base_10,4000,40000,0,0.03701186180114746
radix_base_10,4000,40000,0,0.03686118125915527
radix_base_10,4000,40000,0,0.038898468017578125
radix_base_10,4000,40000,0,0.0431368350982666
radix_base_10,4000,40000,0,0.03924989700317383
radix_base_10,4000,40000,0,0.03831601142883301
radix_base_10,4000,40000,0,0.037600040435791016
radix_base_10,4000,40000,0,0.036864280700683594
radix_base_10,4100,41000,0,0.038471221923828125
radix_base_10,4100,41000,0,0.040233612060546875
radix_base_10,4100,41000,0,0.04163551330566406
radix_base_10,4100,41000,0,0.04842042922973633
radix_base_10,4100,41000,0,0.05336594581604004
radix_base_10,4100,41000,0,0.04991722106933594
radix_base_10,4100,41000,0,0.04506206512451172
radix_base_10,4100,41000,0,0.04547858238220215
radix_base_10,4100,41000,0,0.053522348403930664
radix_base_10,4100,41000,0,0.041039466857910156
radix_base_10,4100,41000,0,0.04035139083862305
radix_base_10,4100,41000,0,0.04166746139526367
radix_base_10,4100,41000,0,0.05869698524475098
radix_base_10,4100,41000,0,0.05260419845581055
radix_base_10,4100,41000,0,0.048187971115112305
radix_base_10,4100,41000,0,0.04368138313293457
radix_base_10,4100,41000,0,0.044095754623413086
radix_base_10,4100,41000,0,0.043234825134277344
radix_base_10,4100,41000,0,0.050026655197143555
radix_base_10,4100,41000,0,0.05110597610473633
radix_base_10,4200,42000,0,0.0450587272644043
radix_base_10,4200,42000,0,0.04661154747009277
radix_base_10,4200,42000,0,0.04743504524230957
radix_base_10,4200,42000,0,0.05437827110290527
radix_base_10,4200,42000,0,0.04269671440124512
radix_base_10,4200,42000,0,0.03972578048706055
radix_base_10,4200,42000,0,0.03944540023803711
radix_base_10,4200,42000,0,0.0501408576965332
radix_base_10,4200,42000,0,0.04016566276550293
radix_base_10,4200,42000,0,0.03972673416137695
radix_base_10,4200,42000,0,0.040744781494140625
radix_base_10,4200,42000,0,0.043257951736450195
radix_base_10,4200,42000,0,0.04146862030029297
radix_base_10,4200,42000,0,0.04624438285827637
radix_base_10,4200,42000,0,0.05475568771362305
radix_base_10,4200,42000,0,0.03943181037902832
radix_base_10,4200,42000,0,0.03946352005004883
radix_base_10,4200,42000,0,0.03912210464477539
radix_base_10,4200,42000,0,0.03888273239135742
radix_base_10,4200,42000,0,0.03964352607727051
radix_base_10,4300,43000,0,0.04014778137207031
radix_base_10,4300,43000,0,0.041700124740600586
radix_base_10,4300,43000,0,0.04066920280456543
radix_base_10,4300,43000,0,0.039954423904418945
radix_base_10,4300,43000,0,0.04001283645629883
radix_base_10,4300,43000,0,0.03991389274597168
radix_base_10,4300,43000,0,0.040032386779785156
radix_base_10,4300,43000,0,0.0526881217956543
radix_base_10,4300,43000,0,0.052536725997924805
radix_base_10,4300,43000,0,0.053581953048706055
radix_base_10,4300,43000,0,0.06040501594543457
radix_base_10,4300,43000,0,0.043717384338378906
radix_base_10,4300,43000,0,0.04862093925476074
radix_base_10,4300,43000,0,0.04498791694641113
radix_base_10,4300,43000,0,0.0428311824798584
radix_base_10,4300,43000,0,0.05196571350097656
radix_base_10,4300,43000,0,0.04262113571166992
radix_base_10,4300,43000,0,0.05311322212219238
radix_base_10,4300,43000,0,0.04000997543334961
radix_base_10,4300,43000,0,0.04421377182006836
radix_base_10,4400,44000,0,0.05019569396972656
radix_base_10,4400,44000,0,0.04932451248168945
radix_base_10,4400,44000,0,0.055149078369140625
radix_base_10,4400,44000,0,0.05257225036621094
radix_base_10,4400,44000,0,0.043123722076416016
radix_base_10,4400,44000,0,0.0559847354888916
radix_base_10,4400,44000,0,0.04640364646911621
radix_base_10,4400,44000,0,0.04418349266052246
radix_base_10,4400,44000,0,0.04603314399719238
radix_base_10,4400,44000,0,0.04979586601257324
radix_base_10,4400,44000,0,0.04785561561584473
radix_base_10,4400,44000,0,0.054859161376953125
radix_base_10,4400,44000,0,0.0514829158782959
radix_base_10,4400,44000,0,0.0543212890625
radix_base_10,4400,44000,0,0.05869722366333008
radix_base_10,4400,44000,0,0.055669546127319336
radix_base_10,4400,44000,0,0.05400848388671875
radix_base_10,4400,44000,0,0.051268577575683594
radix_base_10,4400,44000,0,0.07225847244262695
radix_base_10,4400,44000,0,0.05347490310668945
radix_base_10,4500,45000,0,0.054763078689575195
radix_base_10,4500,45000,0,0.05378603935241699
radix_base_10,4500,45000,0,0.053476810455322266
radix_base_10,4500,45000,0,0.05560755729675293
radix_base_10,4500,45000,0,0.05428051948547363
radix_base_10,4500,45000,0,0.05517244338989258
radix_base_10,4500,45000,0,0.057871341705322266
radix_base_10,4500,45000,0,0.05513954162597656
radix_base_10,4500,45000,0,0.06170511245727539
radix_base_10,4500,45000,0,0.05904197692871094
radix_base_10,4500,45000,0,0.052163124084472656
radix_base_10,4500,45000,0,0.048325538635253906
radix_base_10,4500,45000,0,0.06381392478942871
radix_base_10,4500,45000,0,0.054686546325683594
radix_base_10,4500,45000,0,0.05433058738708496
radix_base_10,4500,45000,0,0.05619525909423828
radix_base_10,4500,45000,0,0.04632425308227539
radix_base_10,4500,45000,0,0.04902458190917969
radix_base_10,4500,45000,0,0.04291677474975586
radix_base_10,4500,45000,0,0.06232261657714844
radix_base_10,4600,46000,0,0.052167415618896484
radix_base_10,4600,46000,0,0.04628777503967285
radix_base_10,4600,46000,0,0.04501652717590332
radix_base_10,4600,46000,0,0.044457435607910156
radix_base_10,4600,46000,0,0.05455136299133301
radix_base_10,4600,46000,0,0.0552825927734375
radix_base_10,4600,46000,0,0.05062699317932129
radix_base_10,4600,46000,0,0.08008217811584473
radix_base_10,4600,46000,0,0.05185699462890625
radix_base_10,4600,46000,0,0.0583651065826416
radix_base_10,4600,46000,0,0.05539584159851074
radix_base_10,4600,46000,0,0.04935312271118164
radix_base_10,4600,46000,0,0.05286288261413574
radix_base_10,4600,46000,0,0.05565476417541504
radix_base_10,4600,46000,0,0.06194925308227539
radix_base_10,4600,46000,0,0.052253007888793945
radix_base_10,4600,46000,0,0.05609464645385742
radix_base_10,4600,46000,0,0.05590081214904785
radix_base_10,4600,46000,0,0.0471346378326416
radix_base_10,4600,46000,0,0.0553889274597168
radix_base_10,4700,47000,0,0.048456430435180664
radix_base_10,4700,47000,0,0.045374393463134766
radix_base_10,4700,47000,0,0.04761624336242676
radix_base_10,4700,47000,0,0.04490327835083008
radix_base_10,4700,47000,0,0.05024528503417969
radix_base_10,4700,47000,0,0.05948185920715332
radix_base_10,4700,47000,0,0.05260276794433594
radix_base_10,4700,47000,0,0.05234408378601074
radix_base_10,4700,47000,0,0.050780296325683594
radix_base_10,4700,47000,0,0.05351686477661133
radix_base_10,4700,47000,0,0.04866981506347656
radix_base_10,4700,47000,0,0.05256247520446777
radix_base_10,4700,47000,0,0.04786062240600586
radix_base_10,4700,47000,0,0.048642635345458984
radix_base_10,4700,47000,0,0.044069766998291016
radix_base_10,4700,47000,0,0.04358172416687012
radix_base_10,4700,47000,0,0.04455256462097168
radix_base_10,4700,47000,0,0.050061702728271484
radix_base_10,4700,47000,0,0.04496049880981445
radix_base_10,4700,47000,0,0.04366493225097656
radix_base_10,4800,48000,0,0.04493999481201172
radix_base_10,4800,48000,0,0.0444331169128418
radix_base_10,4800,48000,0,0.05218505859375
radix_base_10,4800,48000,0,0.05313730239868164
radix_base_10,4800,48000,0,0.05426764488220215
radix_base_10,4800,48000,0,0.052652835845947266
radix_base_10,4800,48000,0,0.052155494689941406
radix_base_10,4800,48000,0,0.04563641548156738
radix_base_10,4800,48000,0,0.046966552734375
radix_base_10,4800,48000,0,0.044851064682006836
radix_base_10,4800,48000,0,0.04561471939086914
radix_base_10,4800,48000,0,0.044484853744506836
radix_base_10,4800,48000,0,0.04488849639892578
radix_base_10,4800,48000,0,0.04433012008666992
radix_base_10,4800,48000,0,0.044707298278808594
radix_base_10,4800,48000,0,0.0445096492767334
radix_base_10,4800,48000,0,0.05753898620605469
radix_base_10,4800,48000,0,0.04806780815124512
radix_base_10,4800,48000,0,0.04574751853942871
radix_base_10,4800,48000,0,0.04465603828430176
radix_base_10,4900,49000,0,0.04780292510986328
radix_base_10,4900,49000,0,0.05397176742553711
radix_base_10,4900,49000,0,0.047972679138183594
radix_base_10,4900,49000,0,0.04581570625305176
radix_base_10,4900,49000,0,0.0456700325012207
radix_base_10,4900,49000,0,0.05817580223083496
radix_base_10,4900,49000,0,0.05144309997558594
radix_base_10,4900,49000,0,0.0454404354095459
radix_base_10,4900,49000,0,0.04805588722229004
radix_base_10,4900,49000,0,0.05453085899353027
radix_base_10,4900,49000,0,0.06445956230163574
radix_base_10,4900,49000,0,0.048668622970581055
radix_base_10,4900,49000,0,0.05048537254333496
radix_base_10,4900,49000,0,0.05310964584350586
radix_base_10,4900,49000,0,0.04544234275817871
radix_base_10,4900,49000,0,0.06978225708007812
radix_base_10,4900,49000,0,0.049727678298950195
radix_base_10,4900,49000,0,0.05471968650817871
radix_base_10,4900,49000,0,0.06232261657714844
radix_base_10,4900,49000,0,0.057160139083862305
radix_base_10,5000,50000,0,0.046880483627319336
radix_base_10,5000,50000,0,0.05113506317138672
radix_base_10,5000,50000,0,0.046463966369628906
radix_base_10,5000,50000,0,0.04652261734008789
radix_base_10,5000,50000,0,0.046611785888671875
radix_base_10,5000,50000,0,0.0463409423828125
radix_base_10,5000,50000,0,0.046388864517211914
radix_base_10,5000,50000,0,0.0458528995513916
radix_base_10,5000,50000,0,0.04687762260437012
radix_base_10,5000,50000,0,0.05079030990600586
radix_base_10,5000,50000,0,0.049980878829956055
radix_base_10,5000,50000,0,0.04912400245666504
radix_base_10,5000,50000,0,0.059410810470581055
radix_base_10,5000,50000,0,0.054535627365112305
radix_base_10,5000,50000,0,0.05306577682495117
radix_base_10,5000,50000,0,0.06050562858581543
radix_base_10,5000,50000,0,0.04867267608642578
radix_base_10,5000,50000,0,0.04737496376037598
radix_base_10,5000,50000,0,0.047284603118896484
radix_base_10,5000,50000,0,0.046309471130371094
radix_base_10,5100,51000,0,0.04759812355041504
radix_base_10,5100,51000,0,0.04711341857910156
radix_base_10,5100,51000,0,0.04737496376037598
radix_base_10,5100,51000,0,0.05407071113586426
radix_base_10,5100,51000,0,0.05056595802307129
radix_base_10,5100,51000,0,0.04798412322998047
radix_base_10,5100,51000,0,0.04886364936828613
radix_base_10,5100,51000,0,0.04886031150817871
radix_base_10,5100,51000,0,0.05080056190490723
radix_base_10,5100,51000,0,0.049323081970214844
radix_base_10,5100,51000,0,0.04756498336791992
radix_base_10,5100,51000,0,0.04703259468078613
radix_base_10,5100,51000,0,0.047406911849975586
radix_base_10,5100,51000,0,0.047063350677490234
radix_base_10,5100,51000,0,0.04731011390686035
radix_base_10,5100,51000,0,0.050586700439453125
radix_base_10,5100,51000,0,0.05774664878845215
radix_base_10,5100,51000,0,0.048690080642700195
radix_base_10,5100,51000,0,0.04717731475830078
radix_base_10,5100,51000,0,0.047917842864990234
radix_base_10,5200,52000,0,0.04839491844177246
radix_base_10,5200,52000,0,0.04841113090515137
radix_base_10,5200,52000,0,0.04839587211608887
radix_base_10,5200,52000,0,0.048882246017456055
radix_base_10,5200,52000,0,0.047823429107666016
radix_base_10,5200,52000,0,0.0481109619140625
radix_base_10,5200,52000,0,0.05032157897949219
radix_base_10,5200,52000,0,0.05541634559631348
radix_base_10,5200,52000,0,0.056923627853393555
radix_base_10,5200,52000,0,0.05519509315490723
radix_base_10,5200,52000,0,0.0567629337310791
radix_base_10,5200,52000,0,0.0564730167388916
radix_base_10,5200,52000,0,0.050228118896484375
radix_base_10,5200,52000,0,0.05471372604370117
radix_base_10,5200,52000,0,0.05552077293395996
radix_base_10,5200,52000,0,0.051950693130493164
radix_base_10,5200,52000,0,0.048456668853759766
radix_base_10,5200,52000,0,0.052314043045043945
radix_base_10,5200,52000,0,0.0594329833984375
radix_base_10,5200,52000,0,0.05180168151855469
radix_base_10,5300,53000,0,0.049623727798461914
radix_base_10,5300,53000,0,0.05174732208251953
radix_base_10,5300,53000,0,0.04894614219665527
radix_base_10,5300,53000,0,0.04978656768798828
radix_base_10,5300,53000,0,0.057604312896728516
radix_base_10,5300,53000,0,0.06238102912902832
radix_base_10,5300,53000,0,0.06400942802429199
radix_base_10,5300,53000,0,0.056153297424316406
radix_base_10,5300,53000,0,0.07203316688537598
radix_base_10,5300,53000,0,0.057906150817871094
radix_base_10,5300,53000,0,0.06089615821838379
radix_base_10,5300,53000,0,0.05563092231750488
radix_base_10,5300,53000,0,0.057314157485961914
radix_base_10,5300,53000,0,0.056668758392333984
radix_base_10,5300,53000,0,0.05594158172607422
radix_base_10,5300,53000,0,0.050597190856933594
radix_base_10,5300,53000,0,0.05687689781188965
radix_base_10,5300,53000,0,0.05230283737182617
radix_base_10,5300,53000,0,0.05255866050720215
radix_base_10,5300,53000,0,0.05411982536315918
radix_base_10,5400,54000,0,0.06405162811279297
radix_base_10,5400,54000,0,0.0583186149597168
radix_base_10,5400,54000,0,0.06635284423828125
radix_base_10,5400,54000,0,0.0538790225982666
radix_base_10,5400,54000,0,0.05449056625366211
radix_base_10,5400,54000,0,0.06845521926879883
radix_base_10,5400,54000,0,0.0664823055267334
radix_base_10,5400,54000,0,0.05864977836608887
radix_base_10,5400,54000,0,0.0580134391784668
radix_base_10,5400,54000,0,0.05805706977844238
radix_base_10,5400,54000,0,0.05739784240722656
radix_base_10,5400,54000,0,0.051635026931762695
radix_base_10,5400,54000,0,0.05347108840942383
radix_base_10,5400,54000,0,0.05456113815307617
radix_base_10,5400,54000,0,0.05137348175048828
radix_base_10,5400,54000,0,0.05388951301574707
radix_base_10,5400,54000,0,0.058142900466918945
radix_base_10,5400,54000,0,0.05132794380187988
radix_base_10,5400,54000,0,0.05046868324279785
radix_base_10,5400,54000,0,0.055144309997558594
radix_base_10,5500,55000,0,0.05577516555786133
radix_base_10,5500,55000,0,0.05569291114807129
radix_base_10,5500,55000,0,0.05259370803833008
radix_base_10,5500,55000,0,0.050983428955078125
radix_base_10,5500,55000,0,0.05092740058898926
radix_base_10,5500,55000,0,0.05082559585571289
radix_base_10,5500,55000,0,0.050885915756225586
radix_base_10,5500,55000,0,0.05126953125
radix_base_10,5500,55000,0,0.0560300350189209
radix_base_10,5500,55000,0,0.05475044250488281
radix_base_10,5500,55000,0,0.05072641372680664
radix_base_10,5500,55000,0,0.06661224365234375
radix_base_10,5500,55000,0,0.05928635597229004
radix_base_10,5500,55000,0,0.05132651329040527
radix_base_10,5500,55000,0,0.05802273750305176
radix_base_10,5500,55000,0,0.07042336463928223
radix_base_10,5500,55000,0,0.05877041816711426
radix_base_10,5500,55000,0,0.05610322952270508
radix_base_10,5500,55000,0,0.05515432357788086
radix_base_10,5500,55000,0,0.05372142791748047
radix_base_10,5600,56000,0,0.05688881874084473
radix_base_10,5600,56000,0,0.051709890365600586
radix_base_10,5600,56000,0,0.07203984260559082
radix_base_10,5600,56000,0,0.052498579025268555
radix_base_10,5600,56000,0,0.05190396308898926
radix_base_10,5600,56000,0,0.05233001708984375
radix_base_10,5600,56000,0,0.05222058296203613
radix_base_10,5600,56000,0,0.053121089935302734
radix_base_10,5600,56000,0,0.05732607841491699
radix_base_10,5600,56000,0,0.059377193450927734
radix_base_10,5600,56000,0,0.05961251258850098
radix_base_10,5600,56000,0,0.05704545974731445
radix_base_10,5600,56000,0,0.06549739837646484
radix_base_10,5600,56000,0,0.05453896522521973
radix_base_10,5600,56000,0,0.07739853858947754
radix_base_10,5600,56000,0,0.05675148963928223
radix_base_10,5600,56000,0,0.06152486801147461
radix_base_10,5600,56000,0,0.05573391914367676
radix_base_10,5600,56000,0,0.06049704551696777
radix_base_10,5600,56000,0,0.06432271003723145
radix_base_10,5700,57000,0,0.05974221229553223
radix_base_10,5700,57000,0,0.05793476104736328
radix_base_10,5700,57000,0,0.06951069831848145
radix_base_10,5700,57000,0,0.05991506576538086
radix_base_10,5700,57000,0,0.053629398345947266
radix_base_10,5700,57000,0,0.053467750549316406
radix_base_10,5700,57000,0,0.06118154525756836
radix_base_10,5700,57000,0,0.054230690002441406
radix_base_10,5700,57000,0,0.08795356750488281
radix_base_10,5700,57000,0,0.0596613883972168
radix_base_10,5700,57000,0,0.05907130241394043
radix_base_10,5700,57000,0,0.05945229530334473
radix_base_10,5700,57000,0,0.06333231925964355
radix_base_10,5700,57000,0,0.05723094940185547
radix_base_10,5700,57000,0,0.07166671752929688
radix_base_10,5700,57000,0,0.06340980529785156
radix_base_10,5700,57000,0,0.054886579513549805
radix_base_10,5700,57000,0,0.05430197715759277
radix_base_10,5700,57000,0,0.05873513221740723
radix_base_10,5700,57000,0,0.06457948684692383
radix_base_10,5800,58000,0,0.05535769462585449
radix_base_10,5800,58000,0,0.08012270927429199
radix_base_10,5800,58000,0,0.06969642639160156
radix_base_10,5800,58000,0,0.060175418853759766
radix_base_10,5800,58000,0,0.056821584701538086
radix_base_10,5800,58000,0,0.05469369888305664
radix_base_10,5800,58000,0,0.05541372299194336
radix_base_10,5800,58000,0,0.05780625343322754
radix_base_10,5800,58000,0,0.06165814399719238
radix_base_10,5800,58000,0,0.054414987564086914
radix_base_10,5800,58000,0,0.05398058891296387
radix_base_10,5800,58000,0,0.05582618713378906
radix_base_10,5800,58000,0,0.05567502975463867
radix_base_10,5800,58000,0,0.05808568000793457
radix_base_10,5800,58000,0,0.05381441116333008
radix_base_10,5800,58000,0,0.05769062042236328
radix_base_10,5800,58000,0,0.05428576469421387
radix_base_10,5800,58000,0,0.05625462532043457
radix_base_10,5800,58000,0,0.06219077110290527
radix_base_10,5800,58000,0,0.06334853172302246
radix_base_10,5900,59000,0,0.06026768684387207
radix_base_10,5900,59000,0,0.06740045547485352
radix_base_10,5900,59000,0,0.059638261795043945
radix_base_10,5900,59000,0,0.060571908950805664
radix_base_10,5900,59000,0,0.06429290771484375
radix_base_10,5900,59000,0,0.06061887741088867
radix_base_10,5900,59000,0,0.062049150466918945
radix_base_10,5900,59000,0,0.06255960464477539
radix_base_10,5900,59000,0,0.07553267478942871
radix_base_10,5900,59000,0,0.05985260009765625
radix_base_10,5900,59000,0,0.056101322174072266
radix_base_10,5900,59000,0,0.06075787544250488
radix_base_10,5900,59000,0,0.061074256896972656
radix_base_10,5900,59000,0,0.056569576263427734
radix_base_10,5900,59000,0,0.05865335464477539
radix_base_10,5900,59000,0,0.07512354850769043
radix_base_10,5900,59000,0,0.060262441635131836
radix_base_10,5900,59000,0,0.056977033615112305
radix_base_10,5900,59000,0,0.05842137336730957
radix_base_10,5900,59000,0,0.05545830726623535
radix_base_10,6000,60000,0,0.06610727310180664
radix_base_10,6000,60000,0,0.06680774688720703
radix_base_10,6000,60000,0,0.062287330627441406
radix_base_10,6000,60000,0,0.0634915828704834
radix_base_10,6000,60000,0,0.06519913673400879
radix_base_10,6000,60000,0,0.08490777015686035
radix_base_10,6000,60000,0,0.06331872940063477
radix_base_10,6000,60000,0,0.05848860740661621
radix_base_10,6000,60000,0,0.060205936431884766
radix_base_10,6000,60000,0,0.05778789520263672
radix_base_10,6000,60000,0,0.06492400169372559
radix_base_10,6000,60000,0,0.06859064102172852
radix_base_10,6000,60000,0,0.06605744361877441
radix_base_10,6000,60000,0,0.06074690818786621
radix_base_10,6000,60000,0,0.06415557861328125
radix_base_10,6000,60000,0,0.07862639427185059
radix_base_10,6000,60000,0,0.06160402297973633
radix_base_10,6000,60000,0,0.05860710144042969
radix_base_10,6000,60000,0,0.061232805252075195
radix_base_10,6000,60000,0,0.056051015853881836
radix_base_10,6100,61000,0,0.0642249584197998
radix_base_10,6100,61000,0,0.06149005889892578
radix_base_10,6100,61000,0,0.06211972236633301
radix_base_10,6100,61000,0,0.0646979808807373
radix_base_10,6100,61000,0,0.05776524543762207
radix_base_10,6100,61000,0,0.057333946228027344
radix_base_10,6100,61000,0,0.05812978744506836
radix_base_10,6100,61000,0,0.062230825424194336
radix_base_10,6100,61000,0,0.06141853332519531
radix_base_10,6100,61000,0,0.069671630859375
radix_base_10,6100,61000,0,0.05952787399291992
radix_base_10,6100,61000,0,0.05864524841308594
radix_base_10,6100,61000,0,0.06882548332214355
radix_base_10,6100,61000,0,0.05740213394165039
radix_base_10,6100,61000,0,0.05729055404663086
radix_base_10,6100,61000,0,0.06038808822631836
radix_base_10,6100,61000,0,0.060205936431884766
radix_base_10,6100,61000,0,0.05733466148376465
radix_base_10,6100,61000,0,0.06596875190734863
radix_base_10,6100,61000,0,0.060692548751831055
radix_base_10,6200,62000,0,0.07095742225646973
radix_base_10,6200,62000,0,0.058342695236206055
radix_base_10,6200,62000,0,0.0586087703704834
radix_base_10,6200,62000,0,0.058469295501708984
radix_base_10,6200,62000,0,0.05907893180847168
radix_base_10,6200,62000,0,0.0597078800201416
radix_base_10,6200,62000,0,0.05841231346130371
radix_base_10,6200,62000,0,0.05812525749206543
radix_base_10,6200,62000,0,0.06108260154724121
radix_base_10,6200,62000,0,0.05794119834899902
radix_base_10,6200,62000,0,0.06348514556884766
radix_base_10,6200,62000,0,0.05816054344177246
radix_base_10,6200,62000,0,0.05824732780456543
radix_base_10,6200,62000,0,0.058623552322387695
radix_base_10,6200,62000,0,0.057683706283569336
radix_base_10,6200,62000,0,0.0579681396484375
radix_base_10,6200,62000,0,0.05806159973144531
radix_base_10,6200,62000,0,0.05788064002990723
radix_base_10,6200,62000,0,0.057825326919555664
radix_base_10,6200,62000,0,0.06141543388366699
radix_base_10,6300,63000,0,0.08789610862731934
radix_base_10,6300,63000,0,0.05941343307495117
radix_base_10,6300,63000,0,0.05797219276428223
radix_base_10,6300,63000,0,0.0585322380065918
radix_base_10,6300,63000,0,0.05879974365234375
radix_base_10,6300,63000,0,0.05871319770812988
radix_base_10,6300,63000,0,0.05864262580871582
radix_base_10,6300,63000,0,0.05968427658081055
radix_base_10,6300,63000,0,0.05931830406188965
radix_base_10,6300,63000,0,0.058896541595458984
radix_base_10,6300,63000,0,0.06706070899963379
radix_base_10,6300,63000,0,0.05961179733276367
radix_base_10,6300,63000,0,0.05875754356384277
radix_base_10,6300,63000,0,0.05859780311584473
radix_base_10,6300,63000,0,0.058591604232788086
radix_base_10,6300,63000,0,0.05862259864807129
radix_base_10,6300,63000,0,0.05838418006896973
radix_base_10,6300,63000,0,0.05842709541320801
radix_base_10,6300,63000,0,0.06121468544006348
radix_base_10,6300,63000,0,0.059156179428100586
radix_base_10,6400,64000,0,0.0722658634185791
radix_base_10,6400,64000,0,0.059174299240112305
radix_base_10,6400,64000,0,0.059426069259643555
radix_base_10,6400,64000,0,0.059800148010253906
radix_base_10,6400,64000,0,0.05938363075256348
radix_base_10,6400,64000,0,0.0597529411315918
radix_base_10,6400,64000,0,0.05959463119506836
radix_base_10,6400,64000,0,0.05929064750671387
radix_base_10,6400,64000,0,0.059494972229003906
radix_base_10,6400,64000,0,0.06284093856811523
radix_base_10,6400,64000,0,0.06308889389038086
radix_base_10,6400,64000,0,0.06016731262207031
radix_base_10,6400,64000,0,0.05888628959655762
radix_base_10,6400,64000,0,0.05937337875366211
radix_base_10,6400,64000,0,0.05965256690979004
radix_base_10,6400,64000,0,0.05962014198303223
radix_base_10,6400,64000,0,0.05932021141052246
radix_base_10,6400,64000,0,0.06839323043823242
radix_base_10,6400,64000,0,0.05980229377746582
radix_base_10,6400,64000,0,0.06883454322814941
radix_base_10,6500,65000,0,0.06097126007080078
radix_base_10,6500,65000,0,0.06125974655151367
radix_base_10,6500,65000,0,0.060561418533325195
radix_base_10,6500,65000,0,0.0663919448852539
radix_base_10,6500,65000,0,0.06233572959899902
radix_base_10,6500,65000,0,0.061795949935913086
radix_base_10,6500,65000,0,0.062195539474487305
radix_base_10,6500,65000,0,0.06242513656616211
radix_base_10,6500,65000,0,0.08282756805419922
radix_base_10,6500,65000,0,0.0785071849822998
radix_base_10,6500,65000,0,0.06024575233459473
radix_base_10,6500,65000,0,0.06054258346557617
radix_base_10,6500,65000,0,0.061006784439086914
radix_base_10,6500,65000,0,0.06048011779785156
radix_base_10,6500,65000,0,0.06044149398803711
radix_base_10,6500,65000,0,0.060779571533203125
radix_base_10,6500,65000,0,0.07028317451477051
radix_base_10,6500,65000,0,0.06273603439331055
radix_base_10,6500,65000,0,0.06549859046936035
radix_base_10,6500,65000,0,0.06082725524902344
radix_base_10,6600,66000,0,0.06153535842895508
radix_base_10,6600,66000,0,0.0613245964050293
radix_base_10,6600,66000,0,0.061833858489990234
radix_base_10,6600,66000,0,0.06154799461364746
radix_base_10,6600,66000,0,0.06156110763549805
radix_base_10,6600,66000,0,0.06190919876098633
radix_base_10,6600,66000,0,0.06124114990234375
radix_base_10,6600,66000,0,0.060988426208496094
radix_base_10,6600,66000,0,0.06405115127563477
radix_base_10,6600,66000,0,0.06147289276123047
radix_base_10,6600,66000,0,0.06123995780944824
radix_base_10,6600,66000,0,0.060977935791015625
radix_base_10,6600,66000,0,0.07009363174438477
radix_base_10,6600,66000,0,0.06145644187927246
radix_base_10,6600,66000,0,0.06978082656860352
radix_base_10,6600,66000,0,0.06319856643676758
radix_base_10,6600,66000,0,0.06138277053833008
radix_base_10,6600,66000,0,0.06603312492370605
radix_base_10,6600,66000,0,0.06406140327453613
radix_base_10,6600,66000,0,0.06270146369934082
radix_base_10,6700,67000,0,0.0628671646118164
radix_base_10,6700,67000,0,0.06218242645263672
radix_base_10,6700,67000,0,0.06249046325683594
radix_base_10,6700,67000,0,0.0626835823059082
radix_base_10,6700,67000,0,0.06343555450439453
radix_base_10,6700,67000,0,0.061994075775146484
radix_base_10,6700,67000,0,0.07085585594177246
radix_base_10,6700,67000,0,0.06276130676269531
radix_base_10,6700,67000,0,0.06641840934753418
radix_base_10,6700,67000,0,0.06182575225830078
radix_base_10,6700,67000,0,0.06228971481323242
radix_base_10,6700,67000,0,0.06179356575012207
radix_base_10,6700,67000,0,0.06202554702758789
radix_base_10,6700,67000,0,0.06548953056335449
radix_base_10,6700,67000,0,0.06198859214782715
radix_base_10,6700,67000,0,0.06216549873352051
radix_base_10,6700,67000,0,0.08272624015808105
radix_base_10,6700,67000,0,0.0628657341003418
radix_base_10,6700,67000,0,0.06277775764465332
radix_base_10,6700,67000,0,0.06426644325256348
radix_base_10,6800,68000,0,0.06486201286315918
radix_base_10,6800,68000,0,0.06326818466186523
radix_base_10,6800,68000,0,0.06307220458984375
radix_base_10,6800,68000,0,0.0634603500366211
radix_base_10,6800,68000,0,0.06339287757873535
radix_base_10,6800,68000,0,0.07820653915405273
radix_base_10,6800,68000,0,0.0634760856628418
radix_base_10,6800,68000,0,0.06319928169250488
radix_base_10,6800,68000,0,0.06400108337402344
radix_base_10,6800,68000,0,0.06238150596618652
radix_base_10,6800,68000,0,0.06339836120605469
radix_base_10,6800,68000,0,0.06806254386901855
radix_base_10,6800,68000,0,0.06510615348815918
radix_base_10,6800,68000,0,0.06507301330566406
radix_base_10,6800,68000,0,0.06685185432434082
radix_base_10,6800,68000,0,0.06279969215393066
radix_base_10,6800,68000,0,0.06303143501281738
radix_base_10,6800,68000,0,0.06392598152160645
radix_base_10,6800,68000,0,0.06347823143005371
radix_base_10,6800,68000,0,0.06351208686828613
radix_base_10,6900,69000,0,0.06427431106567383
radix_base_10,6900,69000,0,0.06417489051818848
radix_base_10,6900,69000,0,0.06360459327697754
radix_base_10,6900,69000,0,0.06875491142272949
radix_base_10,6900,69000,0,0.06406617164611816
radix_base_10,6900,69000,0,0.06408071517944336
radix_base_10,6900,69000,0,0.06461000442504883
radix_base_10,6900,69000,0,0.0635683536529541
radix_base_10,6900,69000,0,0.06432437896728516
radix_base_10,6900,69000,0,0.06588602066040039
radix_base_10,6900,69000,0,0.06427860260009766
radix_base_10,6900,69000,0,0.06426644325256348
radix_base_10,6900,69000,0,0.07163166999816895
radix_base_10,6900,69000,0,0.06456303596496582
radix_base_10,6900,69000,0,0.06335639953613281
radix_base_10,6900,69000,0,0.0679011344909668
radix_base_10,6900,69000,0,0.06420135498046875
radix_base_10,6900,69000,0,0.06390666961669922
radix_base_10,6900,69000,0,0.06331181526184082
radix_base_10,6900,69000,0,0.06468391418457031
radix_base_10,7000,70000,0,0.06476402282714844
radix_base_10,7000,70000,0,0.06691241264343262
radix_base_10,7000,70000,0,0.08253908157348633
radix_base_10,7000,70000,0,0.06711697578430176
radix_base_10,7000,70000,0,0.06759428977966309
radix_base_10,7000,70000,0,0.06527853012084961
radix_base_10,7000,70000,0,0.06520962715148926
radix_base_10,7000,70000,0,0.06936454772949219
radix_base_10,7000,70000,0,0.06645631790161133
radix_base_10,7000,70000,0,0.06536197662353516
radix_base_10,7000,70000,0,0.06689667701721191
radix_base_10,7000,70000,0,0.0680990219116211
radix_base_10,7000,70000,0,0.06643342971801758
radix_base_10,7000,70000,0,0.0692145824432373
radix_base_10,7000,70000,0,0.06713199615478516
radix_base_10,7000,70000,0,0.06648874282836914
radix_base_10,7000,70000,0,0.06714940071105957
radix_base_10,7000,70000,0,0.06621980667114258
radix_base_10,7000,70000,0,0.06502437591552734
radix_base_10,7000,70000,0,0.07841634750366211
radix_base_10,7100,71000,0,0.06578278541564941
radix_base_10,7100,71000,0,0.06618499755859375
radix_base_10,7100,71000,0,0.06641674041748047
radix_base_10,7100,71000,0,0.06577014923095703
radix_base_10,7100,71000,0,0.06898665428161621
radix_base_10,7100,71000,0,0.06830692291259766
radix_base_10,7100,71000,0,0.06644892692565918
radix_base_10,7100,71000,0,0.06629681587219238
radix_base_10,7100,71000,0,0.07050013542175293
radix_base_10,7100,71000,0,0.06617951393127441
radix_base_10,7100,71000,0,0.06578660011291504
radix_base_10,7100,71000,0,0.06666135787963867
radix_base_10,7100,71000,0,0.06568050384521484
radix_base_10,7100,71000,0,0.06582260131835938
radix_base_10,7100,71000,0,0.06569957733154297
radix_base_10,7100,71000,0,0.06583261489868164
radix_base_10,7100,71000,0,0.06597495079040527
radix_base_10,7100,71000,0,0.0695796012878418
radix_base_10,7100,71000,0,0.06619620323181152
radix_base_10,7100,71000,0,0.06665849685668945
radix_base_10,7200,72000,0,0.066864013671875
radix_base_10,7200,72000,0,0.06730031967163086
radix_base_10,7200,72000,0,0.07864522933959961
radix_base_10,7200,72000,0,0.06604242324829102
radix_base_10,7200,72000,0,0.06723928451538086
radix_base_10,7200,72000,0,0.06889200210571289
radix_base_10,7200,72000,0,0.07804369926452637
radix_base_10,7200,72000,0,0.06716442108154297
radix_base_10,7200,72000,0,0.06722688674926758
radix_base_10,7200,72000,0,0.0714409351348877
radix_base_10,7200,72000,0,0.06923699378967285
radix_base_10,7200,72000,0,0.06853342056274414
radix_base_10,7200,72000,0,0.06852960586547852
radix_base_10,7200,72000,0,0.07110953330993652
radix_base_10,7200,72000,0,0.07328081130981445
radix_base_10,7200,72000,0,0.0682821273803711
radix_base_10,7200,72000,0,0.07000613212585449
radix_base_10,7200,72000,0,0.06890416145324707
radix_base_10,7200,72000,0,0.0676732063293457
radix_base_10,7200,72000,0,0.07094287872314453
radix_base_10,7300,73000,0,0.06842827796936035
radix_base_10,7300,73000,0,0.06860685348510742
radix_base_10,7300,73000,0,0.06731295585632324
radix_base_10,7300,73000,0,0.07117748260498047
radix_base_10,7300,73000,0,0.0690302848815918
radix_base_10,7300,73000,0,0.06826114654541016
radix_base_10,7300,73000,0,0.06751894950866699
radix_base_10,7300,73000,0,0.06752276420593262
radix_base_10,7300,73000,0,0.06848645210266113
radix_base_10,7300,73000,0,0.06802105903625488
radix_base_10,7300,73000,0,0.06757092475891113
radix_base_10,7300,73000,0,0.07252788543701172
radix_base_10,7300,73000,0,0.06835365295410156
radix_base_10,7300,73000,0,0.06833386421203613
radix_base_10,7300,73000,0,0.06805634498596191
radix_base_10,7300,73000,0,0.06773686408996582
radix_base_10,7300,73000,0,0.07141876220703125
radix_base_10,7300,73000,0,0.07085108757019043
radix_base_10,7300,73000,0,0.07088637351989746
radix_base_10,7300,73000,0,0.07120966911315918
radix_base_10,7400,74000,0,0.08107733726501465
radix_base_10,7400,74000,0,0.06934046745300293
radix_base_10,7400,74000,0,0.07171034812927246
radix_base_10,7400,74000,0,0.07020807266235352
radix_base_10,7400,74000,0,0.0700075626373291
radix_base_10,7400,74000,0,0.06948208808898926
radix_base_10,7400,74000,0,0.06830000877380371
radix_base_10,7400,74000,0,0.07132434844970703
radix_base_10,7400,74000,0,0.07987475395202637
radix_base_10,7400,74000,0,0.07426762580871582
radix_base_10,7400,74000,0,0.07080245018005371
radix_base_10,7400,74000,0,0.08109283447265625
radix_base_10,7400,74000,0,0.07704734802246094
radix_base_10,7400,74000,0,0.08369302749633789
radix_base_10,7400,74000,0,0.07441830635070801
radix_base_10,7400,74000,0,0.08376145362854004
radix_base_10,7400,74000,0,0.07746505737304688
radix_base_10,7400,74000,0,0.06981706619262695
radix_base_10,7400,74000,0,0.06885480880737305
radix_base_10,7400,74000,0,0.06935524940490723
radix_base_10,7500,75000,0,0.07033824920654297
radix_base_10,7500,75000,0,0.07142472267150879
radix_base_10,7500,75000,0,0.07094240188598633
radix_base_10,7500,75000,0,0.06978416442871094
radix_base_10,7500,75000,0,0.07596325874328613
radix_base_10,7500,75000,0,0.07389473915100098
radix_base_10,7500,75000,0,0.09418582916259766
radix_base_10,7500,75000,0,0.07632803916931152
radix_base_10,7500,75000,0,0.08110785484313965
radix_base_10,7500,75000,0,0.07188224792480469
radix_base_10,7500,75000,0,0.07105374336242676
radix_base_10,7500,75000,0,0.07885003089904785
radix_base_10,7500,75000,0,0.08231616020202637
radix_base_10,7500,75000,0,0.08774542808532715
radix_base_10,7500,75000,0,0.08068132400512695
radix_base_10,7500,75000,0,0.07978606224060059
radix_base_10,7500,75000,0,0.07135415077209473
radix_base_10,7500,75000,0,0.07260560989379883
radix_base_10,7500,75000,0,0.06974196434020996
radix_base_10,7500,75000,0,0.0763094425201416
radix_base_10,7600,76000,0,0.07070255279541016
radix_base_10,7600,76000,0,0.07984542846679688
radix_base_10,7600,76000,0,0.07491731643676758
radix_base_10,7600,76000,0,0.08494043350219727
radix_base_10,7600,76000,0,0.07315611839294434
radix_base_10,7600,76000,0,0.07638287544250488
radix_base_10,7600,76000,0,0.07923603057861328
radix_base_10,7600,76000,0,0.08220887184143066
radix_base_10,7600,76000,0,0.07811522483825684
radix_base_10,7600,76000,0,0.08727765083312988
radix_base_10,7600,76000,0,0.07279229164123535
radix_base_10,7600,76000,0,0.07228302955627441
radix_base_10,7600,76000,0,0.0778357982635498
radix_base_10,7600,76000,0,0.07951903343200684
radix_base_10,7600,76000,0,0.09712958335876465
radix_base_10,7600,76000,0,0.0820000171661377
radix_base_10,7600,76000,0,0.07479667663574219
radix_base_10,7600,76000,0,0.07127547264099121
radix_base_10,7600,76000,0,0.0738368034362793
radix_base_10,7600,76000,0,0.07378172874450684
radix_base_10,7700,77000,0,0.07309722900390625
radix_base_10,7700,77000,0,0.07308840751647949
radix_base_10,7700,77000,0,0.08121991157531738
radix_base_10,7700,77000,0,0.08312511444091797
radix_base_10,7700,77000,0,0.0956277847290039
radix_base_10,7700,77000,0,0.08740901947021484
radix_base_10,7700,77000,0,0.07883071899414062
radix_base_10,7700,77000,0,0.0818781852722168
radix_base_10,7700,77000,0,0.0801842212677002
radix_base_10,7700,77000,0,0.09291958808898926
radix_base_10,7700,77000,0,0.07861495018005371
radix_base_10,7700,77000,0,0.07536792755126953
radix_base_10,7700,77000,0,0.07851052284240723
radix_base_10,7700,77000,0,0.0856170654296875
radix_base_10,7700,77000,0,0.07904911041259766
radix_base_10,7700,77000,0,0.0829777717590332
radix_base_10,7700,77000,0,0.09285831451416016
radix_base_10,7700,77000,0,0.07176780700683594
radix_base_10,7700,77000,0,0.07766890525817871
radix_base_10,7700,77000,0,0.07176470756530762
radix_base_10,7800,78000,0,0.07297134399414062
radix_base_10,7800,78000,0,0.07329392433166504
radix_base_10,7800,78000,0,0.07255220413208008
radix_base_10,7800,78000,0,0.072662353515625
radix_base_10,7800,78000,0,0.07606005668640137
radix_base_10,7800,78000,0,0.08032894134521484
radix_base_10,7800,78000,0,0.07343196868896484
radix_base_10,7800,78000,0,0.07262969017028809
radix_base_10,7800,78000,0,0.08088374137878418
radix_base_10,7800,78000,0,0.07219982147216797
radix_base_10,7800,78000,0,0.07297563552856445
radix_base_10,7800,78000,0,0.07283639907836914
radix_base_10,7800,78000,0,0.07651162147521973
radix_base_10,7800,78000,0,0.07531929016113281
radix_base_10,7800,78000,0,0.07249736785888672
radix_base_10,7800,78000,0,0.07251715660095215
radix_base_10,7800,78000,0,0.07269930839538574
radix_base_10,7800,78000,0,0.0720677375793457
radix_base_10,7800,78000,0,0.0726625919342041
radix_base_10,7800,78000,0,0.07213139533996582
radix_base_10,7900,79000,0,0.07662153244018555
radix_base_10,7900,79000,0,0.07312154769897461
radix_base_10,7900,79000,0,0.07360339164733887
radix_base_10,7900,79000,0,0.0734260082244873
radix_base_10,7900,79000,0,0.08580279350280762
radix_base_10,7900,79000,0,0.07391047477722168
radix_base_10,7900,79000,0,0.07339596748352051
radix_base_10,7900,79000,0,0.07354307174682617
radix_base_10,7900,79000,0,0.07627463340759277
radix_base_10,7900,79000,0,0.07402181625366211
radix_base_10,7900,79000,0,0.07386255264282227
radix_base_10,7900,79000,0,0.0731501579284668
radix_base_10,7900,79000,0,0.07340312004089355
radix_base_10,7900,79000,0,0.08272981643676758
radix_base_10,7900,79000,0,0.08263969421386719
radix_base_10,7900,79000,0,0.07933664321899414
radix_base_10,7900,79000,0,0.09006404876708984
radix_base_10,7900,79000,0,0.08190774917602539
radix_base_10,7900,79000,0,0.08927345275878906
radix_base_10,7900,79000,0,0.08870267868041992
radix_base_10,8000,80000,0,0.09726381301879883
radix_base_10,8000,80000,0,0.09037566184997559
radix_base_10,8000,80000,0,0.09787821769714355
radix_base_10,8000,80000,0,0.08904600143432617
radix_base_10,8000,80000,0,0.08984708786010742
radix_base_10,8000,80000,0,0.08550357818603516
radix_base_10,8000,80000,0,0.07875514030456543
radix_base_10,8000,80000,0,0.0872642993927002
radix_base_10,8000,80000,0,0.07995152473449707
radix_base_10,8000,80000,0,0.10149645805358887
radix_base_10,8000,80000,0,0.08606648445129395
radix_base_10,8000,80000,0,0.08046889305114746
radix_base_10,8000,80000,0,0.07623744010925293
radix_base_10,8000,80000,0,0.0946204662322998
radix_base_10,8000,80000,0,0.08033514022827148
radix_base_10,8000,80000,0,0.0881800651550293
radix_base_10,8000,80000,0,0.09039616584777832
radix_base_10,8000,80000,0,0.08938288688659668
radix_base_10,8000,80000,0,0.08451604843139648
radix_base_10,8000,80000,0,0.0810248851776123
radix_base_10,8100,81000,0,0.08390617370605469
radix_base_10,8100,81000,0,0.08059573173522949
radix_base_10,8100,81000,0,0.0771036148071289
radix_base_10,8100,81000,0,0.07992005348205566
radix_base_10,8100,81000,0,0.08142590522766113
radix_base_10,8100,81000,0,0.07724738121032715
radix_base_10,8100,81000,0,0.0767669677734375
radix_base_10,8100,81000,0,0.08837008476257324
radix_base_10,8100,81000,0,0.0760657787322998
radix_base_10,8100,81000,0,0.08426237106323242
radix_base_10,8100,81000,0,0.09315943717956543
radix_base_10,8100,81000,0,0.08203649520874023
radix_base_10,8100,81000,0,0.09157586097717285
radix_base_10,8100,81000,0,0.08082175254821777
radix_base_10,8100,81000,0,0.08066844940185547
radix_base_10,8100,81000,0,0.08047318458557129
radix_base_10,8100,81000,0,0.08697748184204102
radix_base_10,8100,81000,0,0.08066368103027344
radix_base_10,8100,81000,0,0.08749198913574219
radix_base_10,8100,81000,0,0.08623600006103516
radix_base_10,8200,82000,0,0.08340597152709961
radix_base_10,8200,82000,0,0.08154129981994629
radix_base_10,8200,82000,0,0.08209466934204102
radix_base_10,8200,82000,0,0.09087657928466797
radix_base_10,8200,82000,0,0.09839653968811035
radix_base_10,8200,82000,0,0.09366512298583984
radix_base_10,8200,82000,0,0.08032917976379395
radix_base_10,8200,82000,0,0.08222532272338867
radix_base_10,8200,82000,0,0.07991218566894531
radix_base_10,8200,82000,0,0.07627272605895996
radix_base_10,8200,82000,0,0.0848686695098877
radix_base_10,8200,82000,0,0.0847773551940918
radix_base_10,8200,82000,0,0.08630156517028809
radix_base_10,8200,82000,0,0.08788251876831055
radix_base_10,8200,82000,0,0.08978581428527832
radix_base_10,8200,82000,0,0.10441708564758301
radix_base_10,8200,82000,0,0.0791628360748291
radix_base_10,8200,82000,0,0.10446906089782715
radix_base_10,8200,82000,0,0.10402417182922363
radix_base_10,8200,82000,0,0.09457850456237793
radix_base_10,8300,83000,0,0.10969948768615723
radix_base_10,8300,83000,0,0.10235595703125
radix_base_10,8300,83000,0,0.0990450382232666
radix_base_10,8300,83000,0,0.10064697265625
radix_base_10,8300,83000,0,0.09815025329589844
radix_base_10,8300,83000,0,0.11992335319519043
radix_base_10,8300,83000,0,0.1077730655670166
radix_base_10,8300,83000,0,0.10223221778869629
radix_base_10,8300,83000,0,0.10899233818054199
radix_base_10,8300,83000,0,0.10440397262573242
radix_base_10,8300,83000,0,0.12792277336120605
radix_base_10,8300,83000,0,0.12727808952331543
radix_base_10,8300,83000,0,0.10516047477722168
radix_base_10,8300,83000,0,0.10840964317321777
radix_base_10,8300,83000,0,0.09995913505554199
radix_base_10,8300,83000,0,0.09042882919311523
radix_base_10,8300,83000,0,0.08739542961120605
radix_base_10,8300,83000,0,0.08049249649047852
radix_base_10,8300,83000,0,0.07849264144897461
radix_base_10,8300,83000,0,0.08190608024597168
radix_base_10,8400,84000,0,0.07780742645263672
radix_base_10,8400,84000,0,0.0940091609954834
radix_base_10,8400,84000,0,0.1030573844909668
radix_base_10,8400,84000,0,0.14978933334350586
radix_base_10,8400,84000,0,0.0876319408416748
radix_base_10,8400,84000,0,0.08282971382141113
radix_base_10,8400,84000,0,0.07843708992004395
radix_base_10,8400,84000,0,0.08812594413757324
radix_base_10,8400,84000,0,0.09391164779663086
radix_base_10,8400,84000,0,0.11231279373168945
radix_base_10,8400,84000,0,0.09974408149719238
radix_base_10,8400,84000,0,0.11420464515686035
radix_base_10,8400,84000,0,0.15860986709594727
radix_base_10,8400,84000,0,0.12379670143127441
radix_base_10,8400,84000,0,0.07794475555419922
radix_base_10,8400,84000,0,0.0777122974395752
radix_base_10,8400,84000,0,0.0778043270111084
radix_base_10,8400,84000,0,0.07755661010742188
radix_base_10,8400,84000,0,0.07645344734191895
radix_base_10,8400,84000,0,0.0812675952911377
radix_base_10,8500,85000,0,0.0781409740447998
radix_base_10,8500,85000,0,0.07807612419128418
radix_base_10,8500,85000,0,0.0780949592590332
radix_base_10,8500,85000,0,0.0791628360748291
radix_base_10,8500,85000,0,0.0914163589477539
radix_base_10,8500,85000,0,0.07840323448181152
radix_base_10,8500,85000,0,0.08314347267150879
radix_base_10,8500,85000,0,0.08510684967041016
radix_base_10,8500,85000,0,0.0862734317779541
radix_base_10,8500,85000,0,0.08537030220031738
radix_base_10,8500,85000,0,0.07977867126464844
radix_base_10,8500,85000,0,0.0787196159362793
radix_base_10,8500,85000,0,0.07983827590942383
radix_base_10,8500,85000,0,0.08130860328674316
radix_base_10,8500,85000,0,0.0802452564239502
radix_base_10,8500,85000,0,0.07901453971862793
radix_base_10,8500,85000,0,0.09874701499938965
radix_base_10,8500,85000,0,0.08301901817321777
radix_base_10,8500,85000,0,0.08072662353515625
radix_base_10,8500,85000,0,0.07973599433898926
radix_base_10,8600,86000,0,0.08370661735534668
radix_base_10,8600,86000,0,0.08414363861083984
radix_base_10,8600,86000,0,0.08726334571838379
radix_base_10,8600,86000,0,0.08765935897827148
radix_base_10,8600,86000,0,0.0817098617553711
radix_base_10,8600,86000,0,0.0798957347869873
radix_base_10,8600,86000,0,0.08032107353210449
radix_base_10,8600,86000,0,0.0911397933959961
radix_base_10,8600,86000,0,0.08121347427368164
radix_base_10,8600,86000,0,0.08487200736999512
radix_base_10,8600,86000,0,0.08382892608642578
radix_base_10,8600,86000,0,0.08391642570495605
radix_base_10,8600,86000,0,0.08072710037231445
radix_base_10,8600,86000,0,0.08026576042175293
radix_base_10,8600,86000,0,0.08143901824951172
radix_base_10,8600,86000,0,0.0862281322479248
radix_base_10,8600,86000,0,0.08233261108398438
radix_base_10,8600,86000,0,0.08046245574951172
radix_base_10,8600,86000,0,0.08071660995483398
radix_base_10,8600,86000,0,0.07969212532043457
radix_base_10,8700,87000,0,0.09530973434448242
radix_base_10,8700,87000,0,0.0895538330078125
radix_base_10,8700,87000,0,0.08680558204650879
radix_base_10,8700,87000,0,0.08147883415222168
radix_base_10,8700,87000,0,0.08267378807067871
radix_base_10,8700,87000,0,0.08155250549316406
radix_base_10,8700,87000,0,0.08164167404174805
radix_base_10,8700,87000,0,0.08204436302185059
radix_base_10,8700,87000,0,0.08141851425170898
radix_base_10,8700,87000,0,0.09188532829284668
radix_base_10,8700,87000,0,0.08396434783935547
radix_base_10,8700,87000,0,0.08394765853881836
radix_base_10,8700,87000,0,0.10256624221801758
radix_base_10,8700,87000,0,0.08229374885559082
radix_base_10,8700,87000,0,0.09368586540222168
radix_base_10,8700,87000,0,0.08693432807922363
radix_base_10,8700,87000,0,0.0809335708618164
radix_base_10,8700,87000,0,0.08085250854492188
radix_base_10,8700,87000,0,0.08057832717895508
radix_base_10,8700,87000,0,0.08065390586853027
radix_base_10,8800,88000,0,0.08121228218078613
radix_base_10,8800,88000,0,0.08193159103393555
radix_base_10,8800,88000,0,0.08935141563415527
radix_base_10,8800,88000,0,0.08730220794677734
radix_base_10,8800,88000,0,0.08469319343566895
radix_base_10,8800,88000,0,0.08290982246398926
radix_base_10,8800,88000,0,0.09937286376953125
radix_base_10,8800,88000,0,0.08575129508972168
radix_base_10,8800,88000,0,0.08160090446472168
radix_base_10,8800,88000,0,0.0828089714050293
radix_base_10,8800,88000,0,0.08311843872070312
radix_base_10,8800,88000,0,0.08396697044372559
radix_base_10,8800,88000,0,0.09149575233459473
radix_base_10,8800,88000,0,0.08579421043395996
radix_base_10,8800,88000,0,0.0895228385925293
radix_base_10,8800,88000,0,0.09199285507202148
radix_base_10,8800,88000,0,0.08595752716064453
radix_base_10,8800,88000,0,0.08427810668945312
radix_base_10,8800,88000,0,0.0843665599822998
radix_base_10,8800,88000,0,0.08298301696777344
radix_base_10,8900,89000,0,0.08257365226745605
radix_base_10,8900,89000,0,0.08403420448303223
radix_base_10,8900,89000,0,0.0827627182006836
radix_base_10,8900,89000,0,0.08566069602966309
radix_base_10,8900,89000,0,0.08334732055664062
radix_base_10,8900,89000,0,0.08255696296691895
radix_base_10,8900,89000,0,0.08774042129516602
radix_base_10,8900,89000,0,0.09465336799621582
radix_base_10,8900,89000,0,0.08775496482849121
radix_base_10,8900,89000,0,0.0868074893951416
radix_base_10,8900,89000,0,0.09716200828552246
radix_base_10,8900,89000,0,0.08988690376281738
radix_base_10,8900,89000,0,0.08549022674560547
radix_base_10,8900,89000,0,0.08305191993713379
radix_base_10,8900,89000,0,0.08522963523864746
radix_base_10,8900,89000,0,0.08356714248657227
radix_base_10,8900,89000,0,0.08516120910644531
radix_base_10,8900,89000,0,0.08784675598144531
radix_base_10,8900,89000,0,0.08371257781982422
radix_base_10,8900,89000,0,0.08275127410888672
radix_base_10,9000,90000,0,0.08457779884338379
radix_base_10,9000,90000,0,0.08345890045166016
radix_base_10,9000,90000,0,0.08349418640136719
radix_base_10,9000,90000,0,0.08297014236450195
radix_base_10,9000,90000,0,0.08850479125976562
radix_base_10,9000,90000,0,0.08860206604003906
radix_base_10,9000,90000,0,0.08472847938537598
radix_base_10,9000,90000,0,0.08403491973876953
radix_base_10,9000,90000,0,0.08331608772277832
radix_base_10,9000,90000,0,0.08654212951660156
radix_base_10,9000,90000,0,0.0952601432800293
radix_base_10,9000,90000,0,0.08772015571594238
radix_base_10,9000,90000,0,0.0831608772277832
radix_base_10,9000,90000,0,0.08445096015930176
radix_base_10,9000,90000,0,0.08405947685241699
radix_base_10,9000,90000,0,0.083587646484375
radix_base_10,9000,90000,0,0.08376812934875488
radix_base_10,9000,90000,0,0.08382725715637207
radix_base_10,9000,90000,0,0.08658528327941895
radix_base_10,9000,90000,0,0.08366870880126953
radix_base_10,9100,91000,0,0.08773946762084961
radix_base_10,9100,91000,0,0.08474493026733398
radix_base_10,9100,91000,0,0.08407068252563477
radix_base_10,9100,91000,0,0.08459043502807617
radix_base_10,9100,91000,0,0.08705735206604004
radix_base_10,9100,91000,0,0.08518004417419434
radix_base_10,9100,91000,0,0.08388686180114746
radix_base_10,9100,91000,0,0.08541178703308105
radix_base_10,9100,91000,0,0.08341598510742188
radix_base_10,9100,91000,0,0.08338475227355957
radix_base_10,9100,91000,0,0.08450460433959961
radix_base_10,9100,91000,0,0.08740615844726562
radix_base_10,9100,91000,0,0.08410286903381348
radix_base_10,9100,91000,0,0.08641695976257324
radix_base_10,9100,91000,0,0.08566808700561523
radix_base_10,9100,91000,0,0.0842123031616211
radix_base_10,9100,91000,0,0.08519268035888672
radix_base_10,9100,91000,0,0.08431887626647949
radix_base_10,9100,91000,0,0.09142065048217773
radix_base_10,9100,91000,0,0.0841684341430664
radix_base_10,9200,92000,0,0.08544921875
radix_base_10,9200,92000,0,0.08722376823425293
radix_base_10,9200,92000,0,0.08750367164611816
radix_base_10,9200,92000,0,0.08646297454833984
radix_base_10,9200,92000,0,0.0961005687713623
radix_base_10,9200,92000,0,0.09111428260803223
radix_base_10,9200,92000,0,0.08675646781921387
radix_base_10,9200,92000,0,0.08843159675598145
radix_base_10,9200,92000,0,0.08798956871032715
radix_base_10,9200,92000,0,0.08643960952758789
radix_base_10,9200,92000,0,0.0858161449432373
radix_base_10,9200,92000,0,0.08610177040100098
radix_base_10,9200,92000,0,0.08807253837585449
radix_base_10,9200,92000,0,0.08565616607666016
radix_base_10,9200,92000,0,0.08651542663574219
radix_base_10,9200,92000,0,0.08606100082397461
radix_base_10,9200,92000,0,0.0889589786529541
radix_base_10,9200,92000,0,0.08526921272277832
radix_base_10,9200,92000,0,0.08866333961486816
radix_base_10,9200,92000,0,0.08659029006958008
radix_base_10,9300,93000,0,0.08638358116149902
radix_base_10,9300,93000,0,0.08661794662475586
radix_base_10,9300,93000,0,0.08758306503295898
radix_base_10,9300,93000,0,0.08609914779663086
radix_base_10,9300,93000,0,0.08655238151550293
radix_base_10,9300,93000,0,0.09001398086547852
radix_base_10,9300,93000,0,0.0881047248840332
radix_base_10,9300,93000,0,0.08615279197692871
radix_base_10,9300,93000,0,0.0869598388671875
radix_base_10,9300,93000,0,0.08609938621520996
radix_base_10,9300,93000,0,0.08701395988464355
radix_base_10,9300,93000,0,0.08591151237487793
radix_base_10,9300,93000,0,0.08870410919189453
radix_base_10,9300,93000,0,0.08834433555603027
radix_base_10,9300,93000,0,0.08761882781982422
radix_base_10,9300,93000,0,0.08655810356140137
radix_base_10,9300,93000,0,0.08581113815307617
radix_base_10,9300,93000,0,0.08725166320800781
radix_base_10,9300,93000,0,0.10079002380371094
radix_base_10,9300,93000,0,0.09890985488891602
radix_base_10,9400,94000,0,0.0875401496887207
radix_base_10,9400,94000,0,0.0876932144165039
radix_base_10,9400,94000,0,0.08875107765197754
radix_base_10,9400,94000,0,0.08918523788452148
radix_base_10,9400,94000,0,0.08756113052368164
radix_base_10,9400,94000,0,0.0906686782836914
radix_base_10,9400,94000,0,0.08791446685791016
radix_base_10,9400,94000,0,0.08693790435791016
radix_base_10,9400,94000,0,0.08879733085632324
radix_base_10,9400,94000,0,0.08816313743591309
radix_base_10,9400,94000,0,0.08712124824523926
radix_base_10,9400,94000,0,0.0870058536529541
radix_base_10,9400,94000,0,0.09030818939208984
radix_base_10,9400,94000,0,0.08933091163635254
radix_base_10,9400,94000,0,0.09011220932006836
radix_base_10,9400,94000,0,0.08668661117553711
radix_base_10,9400,94000,0,0.08720612525939941
radix_base_10,9400,94000,0,0.08679461479187012
radix_base_10,9400,94000,0,0.08763527870178223
radix_base_10,9400,94000,0,0.09086298942565918
radix_base_10,9500,95000,0,0.09819531440734863
radix_base_10,9500,95000,0,0.09296226501464844
radix_base_10,9500,95000,0,0.08820128440856934
radix_base_10,9500,95000,0,0.08873844146728516
radix_base_10,9500,95000,0,0.08880305290222168
radix_base_10,9500,95000,0,0.0908818244934082
radix_base_10,9500,95000,0,0.08806037902832031
radix_base_10,9500,95000,0,0.08759045600891113
radix_base_10,9500,95000,0,0.08818292617797852
radix_base_10,9500,95000,0,0.08727478981018066
radix_base_10,9500,95000,0,0.08777689933776855
radix_base_10,9500,95000,0,0.09024381637573242
radix_base_10,9500,95000,0,0.10635232925415039
radix_base_10,9500,95000,0,0.08912539482116699
radix_base_10,9500,95000,0,0.08897805213928223
radix_base_10,9500,95000,0,0.08934617042541504
radix_base_10,9500,95000,0,0.0900259017944336
radix_base_10,9500,95000,0,0.0884246826171875
radix_base_10,9500,95000,0,0.09328365325927734
radix_base_10,9500,95000,0,0.0915215015411377
radix_base_10,9600,96000,0,0.08949446678161621
radix_base_10,9600,96000,0,0.08924269676208496
radix_base_10,9600,96000,0,0.09835386276245117
radix_base_10,9600,96000,0,0.08918642997741699
radix_base_10,9600,96000,0,0.08887529373168945
radix_base_10,9600,96000,0,0.10230255126953125
radix_base_10,9600,96000,0,0.08980965614318848
radix_base_10,9600,96000,0,0.09380698204040527
radix_base_10,9600,96000,0,0.09146952629089355
radix_base_10,9600,96000,0,0.09007525444030762
radix_base_10,9600,96000,0,0.09633612632751465
radix_base_10,9600,96000,0,0.09450602531433105
radix_base_10,9600,96000,0,0.08945012092590332
radix_base_10,9600,96000,0,0.09157586097717285
radix_base_10,9600,96000,0,0.09218907356262207
radix_base_10,9600,96000,0,0.08943009376525879
radix_base_10,9600,96000,0,0.08941984176635742
radix_base_10,9600,96000,0,0.09043765068054199
radix_base_10,9600,96000,0,0.09217953681945801
radix_base_10,9600,96000,0,0.09100103378295898
radix_base_10,9700,97000,0,0.0920097827911377
radix_base_10,9700,97000,0,0.09038996696472168
radix_base_10,9700,97000,0,0.08968424797058105
radix_base_10,9700,97000,0,0.09030342102050781
radix_base_10,9700,97000,0,0.11383819580078125
radix_base_10,9700,97000,0,0.09246444702148438
radix_base_10,9700,97000,0,0.09141921997070312
radix_base_10,9700,97000,0,0.0906229019165039
radix_base_10,9700,97000,0,0.09021115303039551
radix_base_10,9700,97000,0,0.08968901634216309
radix_base_10,9700,97000,0,0.09157919883728027
radix_base_10,9700,97000,0,0.09457683563232422
radix_base_10,9700,97000,0,0.09223389625549316
radix_base_10,9700,97000,0,0.08984804153442383
radix_base_10,9700,97000,0,0.09012079238891602
radix_base_10,9700,97000,0,0.0903167724609375
radix_base_10,9700,97000,0,0.09039068222045898
radix_base_10,9700,97000,0,0.09473824501037598
radix_base_10,9700,97000,0,0.09227418899536133
radix_base_10,9700,97000,0,0.09200763702392578
radix_base_10,9800,98000,0,0.09143972396850586
radix_base_10,9800,98000,0,0.09099173545837402
radix_base_10,9800,98000,0,0.09151053428649902
radix_base_10,9800,98000,0,0.09467601776123047
radix_base_10,9800,98000,0,0.09152960777282715
radix_base_10,9800,98000,0,0.09510278701782227
radix_base_10,9800,98000,0,0.0914909839630127
radix_base_10,9800,98000,0,0.0918874740600586
radix_base_10,9800,98000,0,0.0917055606842041
radix_base_10,9800,98000,0,0.09181499481201172
radix_base_10,9800,98000,0,0.1031653881072998
radix_base_10,9800,98000,0,0.09033536911010742
radix_base_10,9800,98000,0,0.09165620803833008
radix_base_10,9800,98000,0,0.09138846397399902
radix_base_10,9800,98000,0,0.09144210815429688
radix_base_10,9800,98000,0,0.09144282341003418
radix_base_10,9800,98000,0,0.1325368881225586
radix_base_10,9800,98000,0,0.09226775169372559
radix_base_10,9800,98000,0,0.09128546714782715
radix_base_10,9800,98000,0,0.0914003849029541
radix_base_10,9900,99000,0,0.09241533279418945
radix_base_10,9900,99000,0,0.11190247535705566
radix_base_10,9900,99000,0,0.09487557411193848
radix_base_10,9900,99000,0,0.09374523162841797
radix_base_10,9900,99000,0,0.09921383857727051
radix_base_10,9900,99000,0,0.10892081260681152
radix_base_10,9900,99000,0,0.09229755401611328
radix_base_10,9900,99000,0,0.09207415580749512
radix_base_10,9900,99000,0,0.09884262084960938
radix_base_10,9900,99000,0,0.09258580207824707
radix_base_10,9900,99000,0,0.09274840354919434
radix_base_10,9900,99000,0,0.09167242050170898
radix_base_10,9900,99000,0,0.09224772453308105
radix_base_10,9900,99000,0,0.09242653846740723
radix_base_10,9900,99000,0,0.09211921691894531
radix_base_10,9900,99000,0,0.09688234329223633
radix_base_10,9900,99000,0,0.09532356262207031
radix_base_10,9900,99000,0,0.09713339805603027
radix_base_10,9900,99000,0,0.09243631362915039
radix_base_10,9900,99000,0,0.09209966659545898
radix_base_10,10000,100000,0,0.09527444839477539
radix_base_10,10000,100000,0,0.0964047908782959
radix_base_10,10000,100000,0,0.09303879737854004
radix_base_10,10000,100000,0,0.09406495094299316
radix_base_10,10000,100000,0,0.09318757057189941
radix_base_10,10000,100000,0,0.09252643585205078
radix_base_10,10000,100000,0,0.09615254402160645
radix_base_10,10000,100000,0,0.097564697265625
radix_base_10,10000,100000,0,0.09818267822265625
radix_base_10,10000,100000,0,0.09316349029541016
radix_base_10,10000,100000,0,0.09203839302062988
radix_base_10,10000,100000,0,0.09346318244934082
radix_base_10,10000,100000,0,0.09419059753417969
radix_base_10,10000,100000,0,0.09369349479675293
radix_base_10,10000,100000,0,0.10355401039123535
radix_base_10,10000,100000,0,0.09331727027893066
radix_base_10,10000,100000,0,0.09280109405517578
radix_base_10,10000,100000,0,0.09385347366333008
radix_base_10,10000,100000,0,0.09301495552062988
radix_base_10,10000,100000,0,0.09269881248474121
